10000
734
672
2669
3197
1840
766
1535
7764
6266
3181
7189
207
3776
8063
9596
7935
2672
3667
9574
2808
8641
3848
8371
9798
2089
8939
7854
7910
9955
4162
7841
1713
7211
3841
1934
6355
3908
1601
3279
2616
3677
4337
5563
8153
5053
6765
4997
9780
8433
6975
8317
2850
7333
8948
7978
7125
5049
7815
7084
6892
770
7613
7886
9781
9177
7613
3565
3823
6811
3116
6790
9887
2067
1540
6865
7898
9065
6178
5969
9599
1292
2810
4259
9199
6009
7206
7728
1382
4335
5304
3603
8196
7760
7027
7878
9833
2320
4624
9707
3251
9429
6660
974
6329
7957
2220
3394
840
5470
1863
444
8783
993
8516
9090
2954
6232
8477
6692
8640
5259
4856
5849
5675
4190
5474
9737
3449
3908
7816
5028
4102
7541
1463
5952
5025
2133
5059
778
9000
2704
585
7516
6131
7835
7549
4750
8146
6801
723
9461
8338
5160
8997
8783
962
1271
9524
2734
7153
9729
7725
578
3884
1584
5896
8934
2667
3017
5821
5523
4896
743
5852
9732
9068
7406
1030
7352
6182
9367
5699
4910
9689
6553
2895
6415
1334
383
9155
7209
8643
9147
7203
9151
5538
4993
6041
4654
3853
5120
1250
2638
6456
1770
3561
5971
6581
6803
4639
3728
4226
3852
7131
7175
688
8677
7671
1786
8746
1354
9291
202
2017
8559
8598
9332
9726
6527
7991
2543
8737
4510
3918
6667
2601
1386
883
4841
7914
5060
6245
4278
9979
2701
7434
1512
1486
126
2048
8176
6396
6792
9007
6332
9855
8723
5590
937
9633
4833
6269
2427
5615
7384
6101
5395
6258
4739
5001
3873
6102
5864
189
4898
8556
3306
1958
6353
2969
6718
4356
4639
3538
3120
2867
278
2242
8738
7374
8413
2055
3096
7594
8250
982
3298
1580
8071
7248
2968
4863
6398
4333
7631
5937
1529
8658
9309
318
6809
2696
7030
677
5321
7169
8490
5354
4472
3701
968
7559
8932
5013
9726
5051
2595
491
6495
5265
2595
4993
2292
9670
6497
4019
6375
1615
6637
2483
9116
7350
5710
6989
6377
621
450
8961
4682
6640
778
3593
3817
9564
5068
2635
4327
1448
5411
2105
7204
4402
2212
5565
691
8146
5668
4575
8259
2491
3085
1223
486
5660
3496
768
2313
7215
2424
4449
3610
5672
2845
1815
1021
9258
4447
6074
8823
2127
3470
8719
573
3916
3979
4727
5721
882
7170
6635
9139
7631
1099
5169
3485
9522
8916
4478
3796
2986
1379
8102
8974
723
8406
8582
7530
6512
4404
6732
9810
9534
2975
4743
5375
1711
5407
86
5955
3779
7006
8825
742
9824
8234
4704
9455
5694
2076
1631
5159
7418
9940
444
2988
5724
4807
5114
6169
5486
1785
6395
255
976
9842
6712
6878
7019
6133
5275
8321
9527
6372
4015
5917
5577
1495
5046
2802
8811
437
9123
2175
6315
3142
5547
1128
6721
5459
8741
4237
5642
5828
6702
2569
824
6617
6604
9771
9581
6327
5097
2401
8664
4050
7637
1065
7036
228
9932
9535
1927
597
1891
2630
532
8220
609
2943
1561
9182
878
4093
8845
5564
3755
3573
7559
3790
6001
4585
6501
9847
6495
8653
7934
1649
1107
5262
8308
574
488
2615
3885
8203
4852
8868
2669
1600
4185
4612
3148
7264
2023
4668
8421
3361
8384
2134
3074
6075
8924
5889
4844
8199
7980
5552
549
134
9852
34
896
4480
676
566
8755
5364
3294
1082
668
8070
9723
8814
3650
5369
3246
2979
5514
4810
5318
2364
7806
445
8332
4543
1522
1836
6314
1019
6366
4008
5806
6981
4620
2750
1958
1884
946
3411
1371
8564
1274
9232
748
1652
4557
7547
5043
2271
343
4899
2892
1817
5087
1459
2657
1055
9426
9636
7712
9719
2193
2919
8592
3416
7793
8805
2371
8276
9035
2192
9087
9719
4089
6411
6013
7857
8011
199
8777
2280
9193
7353
739
7022
6486
4982
6095
6260
4940
1211
9063
476
5350
1272
7567
2581
4775
916
9970
3465
1483
9879
9416
8630
6026
5909
9949
8758
6419
2163
7065
7285
3178
6838
1546
6899
4714
6271
5772
7052
7387
4407
6132
5235
3184
6988
3536
2848
6541
6897
4810
3013
2948
4071
4428
5735
9595
6730
5203
4126
9768
3279
4573
7554
8972
9168
4574
9456
895
2882
4036
1931
7230
4889
3003
8958
8565
6277
3749
3931
6887
5990
3255
1925
9876
5518
7915
5550
8973
7204
7923
1285
2811
6352
7444
4685
9630
3681
548
6265
6698
2030
7618
3665
3623
602
9621
9635
1471
9601
8257
1790
9280
7777
6921
6997
4779
5089
5379
6861
7826
170
7454
1431
4061
3582
3696
7877
6156
828
1431
6496
5210
2924
2900
7361
8309
6693
5494
6925
730
8287
3913
2277
8254
7874
2827
7601
6989
2843
565
3787
2767
335
9772
6688
7679
4542
6100
5309
8471
6347
3197
2741
3920
7268
4259
1052
7279
6729
5422
8722
4685
9036
4701
9880
6374
8354
4270
5050
679
7854
23
6473
5155
7963
4194
8381
6358
2196
3177
337
997
894
1569
8493
9513
9912
5199
3640
2825
3070
5168
3933
6558
5475
6372
3372
389
2637
1112
3521
3542
8176
1825
6664
7083
4409
8521
7573
7617
8659
6792
5214
8650
399
6417
7982
9230
6637
2316
4509
7433
8323
1074
8888
7947
2869
3758
2183
2485
702
6763
562
9297
5688
1432
6405
8706
6667
5658
5308
546
1928
8108
9277
3754
5991
327
1134
8686
6324
9789
5375
6301
260
4191
4012
6497
7583
6576
9615
3426
6649
6267
4291
1434
9330
1603
477
3830
437
895
6276
8028
5291
33
56
9033
797
1826
6750
2017
7277
2185
732
6142
6632
4959
2871
6387
1415
6447
8346
646
2785
5206
3548
646
7099
4666
122
5873
5100
9122
20
1553
296
8960
6970
2156
2818
7893
2954
840
7926
7105
1838
8608
8025
5719
1220
3913
2651
5760
5809
6303
3875
3239
1575
298
4155
1088
1734
7874
6832
225
9
5769
6249
6444
3616
8256
8571
1655
351
9123
7829
4475
2651
2748
3491
1595
2371
7767
5133
5178
3068
3866
5173
7100
9441
3212
4932
1059
1130
4603
969
743
4336
2178
5873
1462
9344
7147
4111
60
2778
4243
9171
796
3217
143
6350
2753
4231
6147
4865
2474
4344
8144
6652
8748
1975
3819
1174
7557
6335
9032
6415
1632
9041
2569
4881
1115
8875
4581
195
1405
8169
7010
8595
1185
5038
3257
7417
2430
8098
1677
9644
6694
4068
2626
3692
5747
4439
5497
4220
3806
1661
5627
2010
7896
8172
6497
8385
1006
3788
9820
8021
8208
9460
4212
4714
1614
3640
7409
8698
5874
9074
4312
6440
1816
4803
4672
307
9783
1273
4875
8099
5908
7958
9412
3468
6570
9077
1677
2040
8081
9782
3983
8392
3013
7936
2533
5004
4537
6766
4025
9712
6316
5522
3336
5183
4086
2003
572
9882
640
3675
3272
9990
8836
5911
3114
5920
4644
7135
2165
3112
384
7539
1581
208
788
5477
1142
519
7481
2540
2185
7223
3013
8990
451
4629
5742
3196
8549
6940
5208
4144
1623
5022
3352
2386
1258
699
5084
5200
6421
7757
8817
5626
1497
4199
1062
8636
2179
7082
5144
7511
4212
4659
2165
1959
1445
4655
5349
232
9048
8158
8312
4123
3952
1859
8124
7576
2270
6764
2098
7882
2184
5241
6029
2130
7926
7333
4849
6947
3090
556
1691
4793
4769
458
2760
1554
9668
7569
9007
8170
9618
8381
6059
606
4614
5767
2565
8549
9169
3747
8320
8113
3769
3876
3045
5872
8280
2355
5767
2174
8236
6683
4173
6597
1101
3891
4584
2190
7962
2351
7507
9048
5298
7827
8158
261
2072
9490
5121
1159
7893
8579
7048
1471
8955
1651
4575
8991
5791
1547
7698
5594
307
603
3279
6752
8767
6638
2985
4983
604
8904
1423
4345
4934
153
9482
1416
8002
2353
3936
6152
3386
5318
1869
9880
6413
9989
4965
2060
498
9218
6658
1163
2016
9468
3210
1045
6113
6094
2089
4729
6879
9616
150
4709
9468
4379
7751
3736
9045
3522
7752
3145
9035
2464
5286
7228
527
1383
3603
4539
5714
2921
6743
4317
9689
6637
3503
6953
4756
4269
3915
5291
382
5548
1886
973
5235
9419
9419
2040
4615
3534
4391
3527
8352
619
707
6919
5295
5405
5470
6949
6551
6645
9989
8640
2427
3169
287
1470
3675
3851
8525
3405
7675
6579
141
4064
5969
2927
2998
4198
3574
9778
7161
4811
2104
9350
9877
4902
6192
9448
933
3726
4073
2954
6282
7466
7042
5861
6996
2537
6311
2646
5497
3968
8590
1206
4818
2209
5648
7417
7176
6781
3824
7810
47
6766
1575
1808
4070
5098
552
9
6769
3403
6832
4270
5314
380
9570
7191
2671
3266
9800
6003
6375
2172
8181
8914
1246
4394
9036
5154
1179
6146
2543
2804
1545
6444
1275
8457
2580
5266
2948
327
1489
3925
3025
9572
6370
6100
3733
706
104
4820
9403
2108
3894
1271
1134
8171
916
547
7230
2899
3466
8973
528
6190
9945
4248
5899
5258
5627
8027
3846
7507
8993
4533
8590
7608
891
9358
177
3068
6085
5043
4064
1134
4714
6950
7420
6674
945
1904
7637
9802
3192
2898
7766
224
3584
266
2884
5552
2987
2270
6658
6037
7174
2683
7580
1842
2946
3129
5092
6565
6880
5534
6695
8379
9249
7612
8546
2015
3090
5618
3755
2536
6742
7668
4613
7660
5423
2519
1637
8139
2157
5218
5572
6919
8214
1631
1367
2621
9386
2801
8572
8757
3572
2313
4232
4165
369
9939
784
2172
9818
8157
1847
7555
6587
2885
3066
5619
747
4750
1905
9662
8184
7466
7753
15
6408
4661
4198
1657
912
9194
3047
6097
7487
6769
3779
9330
5770
5934
7880
7422
4862
1389
2700
5712
267
3166
199
7297
4538
1558
2853
8472
5271
8938
1298
766
7793
3192
3993
8588
1852
4151
9075
3084
6623
9373
9044
847
4142
8330
6425
3872
590
2707
216
1991
2581
7440
7647
9330
321
8011
7898
613
6983
9814
9768
3307
7317
625
2218
4424
8154
2109
2328
5900
4359
9384
3488
4531
9882
5162
2564
9396
2002
1066
2198
8163
3711
3469
4578
950
1743
3061
8856
3922
1293
2162
78
9555
1638
6105
4250
5464
6574
3372
7491
8663
3577
5829
8439
1675
6378
7734
8346
446
9887
4826
2556
410
5829
5499
5860
607
9778
3654
97
247
9053
6223
4912
4559
6591
4628
9145
9122
2090
4091
5011
9814
6610
1534
2826
90
9303
1682
7381
6377
4004
511
4885
4341
3251
9545
9251
853
1625
9612
6968
8561
3486
6075
2431
6879
4444
3703
2969
8253
454
6811
8382
1420
2232
5881
8587
8160
4844
4896
919
4358
3707
3076
6659
4701
5068
8035
9347
1788
7762
7482
5612
6599
9232
464
6830
6084
8547
5592
4053
2623
2109
4433
2465
3962
6645
8615
6088
8768
1519
4989
274
4205
6546
3851
3567
7941
3960
6513
762
709
4933
8310
6501
9443
8622
8970
4895
8238
5297
3997
4579
4536
5559
3228
447
3914
8165
5970
7763
6600
6342
9692
8742
1589
9609
6355
3463
3456
6705
9389
8542
7229
1394
509
4449
4628
5014
4841
7404
5373
8558
3222
193
7510
2478
3476
5325
4884
6887
8199
9004
4419
5982
6364
4472
7186
6060
6165
422
1591
4441
4489
7842
7974
4589
2575
3900
2171
7599
6671
7290
3551
4454
439
2153
3163
5873
4539
8386
3567
3031
3507
7103
7634
1865
1609
5187
6535
239
4188
1051
2915
1480
306
4375
991
6672
2305
9099
3301
8442
1402
4599
5050
6622
281
1817
4556
9251
9948
817
1824
7634
6675
2325
5518
2700
5646
1404
3414
3778
6069
8712
4972
24
2003
5810
6015
2618
5728
6350
2511
8620
798
6957
1957
5595
3677
7129
4300
5464
7661
2133
3066
3888
6998
9554
8702
4887
9512
2455
2270
633
6187
3781
3566
8093
8075
4084
7786
8978
1006
4575
5945
4137
5479
9206
558
5050
1462
6894
780
9832
3190
2640
538
2007
3170
8874
8725
2751
770
9488
9871
9700
1298
39
2100
538
8122
7812
6392
4800
7094
9430
6540
1425
6964
9744
9607
3813
9340
6526
9456
3216
6245
5714
1901
6053
1388
2990
1739
931
6569
1895
5155
4083
1135
5234
2454
6794
4387
3
1942
6269
9146
4403
936
1038
3981
3173
6611
6618
2974
3115
6529
3324
3041
4525
6396
4888
9810
225
4037
2437
9389
6393
2213
2397
3529
7876
7194
8444
5744
9783
6092
4228
2263
348
5391
4051
8991
4550
1270
6286
5995
4054
4103
6555
5720
891
3621
6180
6175
3638
2702
6754
5395
8748
6117
5946
2586
6654
2108
8374
9285
294
4544
814
9060
1213
6527
4245
9350
3137
2452
4225
7473
3754
9212
2073
5392
6975
6025
8063
5646
9498
1109
8359
6622
1917
4752
4036
682
946
4755
4302
1334
9020
7333
9178
2035
6361
3498
7895
2588
5299
1506
998
4388
6392
8077
4898
6528
248
7027
7793
2347
3966
545
3879
9306
4914
854
8868
4982
4170
1118
1591
9144
1600
8412
7078
8439
8581
1598
1614
6430
5591
2183
5267
6602
3783
5646
4118
9403
148
1348
7062
7828
4626
5498
9011
8165
7304
4131
6822
1773
8581
5528
4852
1611
308
3897
7090
209
6674
3733
4348
6697
6392
9554
3971
4588
5047
2170
8529
2489
6470
4534
6510
9158
9948
3873
4700
6400
379
7276
4701
2682
8740
3064
2296
3670
7774
4060
4690
5723
9334
6222
2003
8762
6285
6273
3519
2220
7641
8204
7106
6045
5954
6558
5203
7542
751
4777
7009
9142
5898
2262
1868
5165
6956
6199
8506
5066
6573
8754
5949
8818
8515
1872
7712
9859
5705
735
1568
9926
3211
4514
7385
2629
620
5834
6880
1518
9173
6652
8554
6114
2551
1858
6264
8857
596
4389
7306
5462
8103
3891
8894
6627
7593
3911
9063
820
5120
2570
654
2374
5841
8057
9285
1749
1888
960
2572
1247
5125
5014
4976
9062
4677
9446
4113
1618
9971
6471
4925
7472
7965
7208
8971
6064
7702
3904
7114
7420
8774
426
6148
987
3218
3079
7791
7902
6207
7769
6884
3461
3412
759
9234
7002
5685
3059
6107
5362
8378
5272
901
7029
3912
3486
5232
2388
5966
757
1310
2012
3900
667
553
8692
7422
7060
2461
6899
3015
2618
5664
2209
9664
8141
711
5577
1366
3579
8169
5464
1768
3386
5151
2444
561
8613
7399
7275
6869
4133
2051
6464
7449
3402
697
927
9570
7889
2641
1452
3291
2796
7761
587
1042
8722
7433
9845
3066
9460
2917
8062
4457
5184
2405
4611
613
4726
6946
8305
7782
7901
7175
5491
3417
2657
5372
7999
6607
572
9478
6222
9590
3823
5159
3159
3431
7396
9551
3114
8887
6103
7748
3743
3800
5849
3717
535
1251
5099
4346
8784
3369
1328
2449
8888
9098
5500
5521
6685
5907
8651
4674
7619
9833
2278
5413
6582
2160
496
7191
7721
3063
3946
9379
8428
5067
5919
9342
1820
7527
1201
3226
4159
9006
336
6869
5233
210
7240
7417
6458
2927
6811
8315
7343
8503
3350
8815
1453
9637
8896
2780
2460
29
9588
3090
512
3764
5848
1742
1633
4399
7634
1237
6716
5380
6724
5693
6665
2110
687
2996
619
9379
7587
4184
1651
5525
3954
4021
6880
6975
9949
9795
8599
2087
5275
2305
4322
7897
7177
9707
4788
1121
2470
8412
6463
5400
4923
8971
2808
391
6790
8865
9587
6853
1124
7818
4664
4821
5995
4850
2289
8724
8333
6025
6443
7324
9196
532
5541
2070
3681
9756
9680
9252
6016
5566
4475
4907
2462
9393
1255
8511
9321
7155
8298
636
7134
1152
4452
131
9660
6852
3031
75
3837
2032
23
7192
5015
6060
7695
2335
175
5749
1819
7073
3467
6460
7246
3166
3213
4036
6115
1278
4162
1123
2306
714
7740
5193
6168
1750
7706
8830
928
3164
7712
1529
2145
4655
2713
3789
1811
2106
935
6707
890
1562
870
5242
2001
4226
6856
1556
8909
9576
2060
3485
7192
1209
7918
9271
6190
140
3708
3551
8372
4832
5958
6351
5790
6456
1273
7188
2777
7505
7418
3441
4666
136
755
937
1178
8285
8096
7482
5833
3064
5531
4022
126
9198
1321
7830
8520
2473
6723
9499
3713
3390
1213
5022
9750
6858
3684
8630
7652
476
2255
3117
5475
5833
9325
2038
6023
5439
4323
1380
1794
4113
1822
7845
7546
7348
1386
4041
3191
185
8528
5799
7968
3105
2377
9723
3636
135
1140
3833
4891
9700
7586
3504
6500
4059
4570
5176
7364
362
7945
8712
6020
8988
4887
5304
7565
4684
3590
5969
9921
5958
221
1226
3287
3763
586
8094
1068
6020
5514
303
1914
2151
3301
7087
5064
4842
852
2586
2104
9018
836
9232
8148
2168
7357
4800
9112
9650
1181
2462
7040
8143
8027
952
9350
5509
8401
2637
8463
2227
3846
6591
1401
3786
7973
9192
8807
1998
6459
7234
5780
180
7303
8979
3880
9196
6887
4225
3592
7588
6753
4540
9481
4166
4248
5107
8594
8556
3254
3809
9358
5878
454
9225
4145
3031
9763
3894
9165
4094
4367
9198
5566
6034
3510
6786
7707
9824
7891
8880
826
6367
8267
7133
9430
8468
2035
8079
3411
8151
7119
7052
8669
6350
1616
8368
4474
5934
8033
523
4913
1552
945
7832
142
5946
9840
4736
3729
7462
7184
879
1446
6046
1278
5139
5723
4294
5664
1764
9110
6866
7278
7104
9157
8152
1133
3877
5783
3623
5942
5445
4446
8250
3349
9010
9073
9285
733
4036
685
8300
6773
9416
3130
7846
4269
3569
6582
2851
1558
4885
1735
7745
753
1690
6002
9164
6107
8961
6823
7487
9058
2750
6967
3660
3652
9289
9066
7343
8570
3259
9465
1257
6107
9756
6894
3908
5185
8600
7373
2299
1756
2822
977
1758
9572
3761
4777
891
1584
6101
5002
9115
683
7005
2975
7783
2813
814
3840
8932
9996
1674
6964
6412
1340
7515
2806
6858
4151
5382
9958
5648
4442
1549
5450
4423
3700
1244
2602
179
7883
6373
5058
3105
9575
7658
8963
9834
7823
4975
2766
5157
77
9254
1031
1684
18
1838
7099
6224
7457
8888
1062
5130
5088
3903
1163
5737
203
2905
1870
8306
3150
240
3562
2544
3854
2157
299
9603
5857
6155
8818
1433
9905
8236
287
1271
5516
3247
9187
1858
7647
5530
8725
1627
3259
2119
2298
9652
948
4902
3916
367
5569
749
3395
6485
2885
2874
6889
1085
1582
5091
1731
7002
5646
5370
8080
2112
4542
476
5677
2706
7430
22
7722
5306
1139
7897
4002
3511
8153
2176
3474
4481
9992
3196
7578
4717
2180
7974
5840
2614
9667
2188
9107
4587
9101
6257
7760
4293
8575
1333
9964
5751
5367
5862
4097
496
9276
703
3877
2928
3899
1344
8223
2268
697
3355
6316
8916
704
4515
1720
7765
7777
6107
5973
4681
9855
9576
2194
4398
5636
6438
8869
3900
5204
5639
8209
6076
2882
7481
9604
4469
4331
5830
6033
5723
5371
2855
8356
9162
2300
962
9185
1550
8355
1028
3984
3206
8483
8550
1162
6770
7280
6262
7656
8896
2651
6825
2317
3515
1120
8927
5646
7425
6179
1813
1274
6487
7070
4893
1124
5482
4882
9337
415
5116
7778
1398
7705
8167
8584
6249
4426
8134
3391
9188
268
3194
8822
3536
7293
6281
8463
3292
6139
4476
3684
3407
8318
1965
2295
4239
8162
1867
8348
4564
2567
5107
6076
2628
4610
7095
820
7429
6519
4261
1888
7480
9254
1528
6965
6069
5294
8474
4511
5731
375
9970
6823
5140
7230
4082
1758
6086
9461
3279
7295
7712
6059
2271
6347
5650
3483
8819
119
7467
3087
3097
1060
3484
3056
1302
6216
1437
2685
4388
9052
8342
1843
635
3221
6648
5282
6758
6660
2385
1499
6453
1219
3317
6270
6827
8568
3396
9411
474
213
4480
2137
5295
4296
512
343
9587
9511
41
3829
7663
7247
2345
731
7958
990
694
9496
5049
4846
9539
5569
6429
7689
7908
3877
8636
3314
7162
6144
1404
4721
2206
9750
5596
7732
6635
3005
3131
7048
5608
7199
9512
7862
9097
3238
8390
2010
8088
278
2131
6385
8414
2894
5389
1913
1124
9711
4749
2893
9081
9254
1427
9604
8311
2015
3155
2421
5092
8711
2703
4509
7283
5206
8152
3012
2154
3953
1760
7372
977
8447
3303
2037
733
6417
5573
583
3763
5219
3425
9606
7519
9725
4662
127
7094
2205
2740
844
4677
9747
4070
9718
6516
6723
47
3197
3767
8001
6677
6599
4215
5312
515
277
137
8148
5478
8634
2959
6012
2898
5589
9042
9295
2972
7693
5485
6116
5683
9984
3167
4566
1436
9640
4572
989
1129
4756
5084
8314
1361
447
1945
7727
8788
1841
967
297
8441
1054
5336
3693
9418
5440
3981
2165
4322
4240
9870
5377
5307
4295
1080
8544
3105
1930
2862
1240
4972
6113
7832
55
6890
140
581
37
966
1378
2146
6309
372
5450
9377
4489
4301
8963
1185
4668
4674
2846
4144
1484
6803
9138
4279
1278
5121
2394
9294
2875
3693
831
1956
3410
2273
4792
2942
2834
824
8687
4403
4710
8782
7279
3233
4291
8016
7570
5867
5859
7084
5633
3218
8534
1737
9475
7830
4568
8299
736
1388
9596
4101
4940
7732
6047
793
4914
7631
6123
6074
4733
8941
6161
4607
3769
4377
8310
9052
6023
6182
7259
8325
7692
3723
1049
2379
1808
2576
3742
8388
5805
8797
9422
9308
6517
5181
2935
5869
6964
9554
5870
7716
3315
938
3127
972
3410
2398
7558
4623
9958
7151
2328
2883
5448
6388
8243
4751
8205
8675
7613
6441
3389
5071
8112
3361
1994
3939
6029
8449
7812
814
4173
4549
3447
2651
882
936
2618
6420
75
8694
8330
1354
9224
6346
8700
4995
6144
1904
4201
4713
2456
5490
2949
7141
997
8655
1761
5371
5575
8482
2871
8880
7516
4298
3000
2338
3476
9386
8749
3345
6133
3913
9430
6645
6662
7188
4829
9344
2245
679
6891
5614
6794
2843
6282
3456
11
8843
1566
8563
4241
2007
8917
7816
573
5201
1692
8014
8179
8556
5595
4654
6246
5652
3101
3056
8012
2199
8076
6621
7646
2696
5960
1791
9149
1144
4560
9775
333
6347
2995
3805
9078
5749
7553
3146
1647
4865
2403
6257
4991
7317
2556
6536
4925
901
1770
6128
3218
650
2186
266
5999
5484
9242
2541
9985
4930
3754
1572
8307
5696
9783
2010
9157
8340
7818
7993
4419
2719
1683
4833
3013
8761
1132
5169
8947
1805
4286
6651
7317
3588
7733
3071
3676
1863
6912
2134
3680
3677
556
8342
7666
6588
1585
3625
2056
2099
2088
8832
9162
2090
1280
5846
9275
1588
8836
8013
4957
8617
5964
1121
9276
6003
5927
9003
4664
2021
9666
4602
4791
6572
7874
6284
9379
5828
2160
6499
9528
2527
5854
4391
4733
2272
2067
2451
2333
3474
6392
8889
6904
767
5821
7635
5329
1026
3211
2978
5725
197
9705
919
519
9953
5549
8318
3767
1502
7476
1528
2179
8080
7527
4745
6690
7809
1651
618
3485
1740
8040
582
9829
4549
6602
1017
6024
117
9720
6906
5324
401
2486
8294
2142
9981
4717
8573
9133
1411
3662
1956
962
5938
3891
2595
7915
8201
2661
8731
4002
7497
3994
4598
21
3514
4236
349
3620
9015
9384
4298
4746
2365
1691
7990
5103
9708
3199
8997
837
4671
7481
4563
8126
3419
1140
2683
453
3310
8328
7352
9927
3052
8369
7138
6785
2181
4367
945
854
4474
460
4450
2828
8771
129
7459
6239
2525
6418
3670
4888
9501
5227
8487
1416
5022
4301
7397
5735
8268
7128
7432
9169
9738
3128
9099
9618
7852
682
9467
2798
7340
1872
685
1857
7275
9815
2547
7193
2167
7699
4539
7032
6214
5754
2447
3043
5506
2676
1224
116
5317
545
9962
5736
1595
2083
6876
8820
9128
1931
7930
9850
4754
9593
6584
9266
1102
5776
5761
9769
1572
4644
2065
3825
9988
8107
8872
9526
8940
3322
8402
1206
2389
6303
7976
9483
9588
901
8823
4259
2478
1357
3355
8995
878
2186
3387
4584
8442
3501
5443
3098
6794
1792
1771
3181
160
8227
9299
6861
9374
7552
9079
4533
2714
9036
2415
4839
8536
8511
4987
3413
8323
3707
1354
9138
8638
9933
1949
2999
8680
4
4722
7746
9297
1271
9920
8546
782
7426
5748
9913
4341
2138
8294
4394
7872
5485
2668
4872
55
3573
6010
9260
9900
9624
5821
8051
8401
9454
1744
7506
3112
4852
2462
6659
3569
7604
9277
8913
4386
7799
8714
3521
2030
1130
6208
1699
470
4926
8090
544
7173
7951
2686
8388
1217
30
6026
4014
3034
9117
4910
8583
6618
3231
3117
644
3119
4421
3382
5422
8929
9644
5469
1035
5505
4120
8330
1705
3955
5469
7504
917
5222
3736
8439
8329
820
898
9550
9175
2939
8548
3
3266
1147
11
3419
9825
6743
3459
294
6770
7309
7690
3171
7556
2579
8215
4500
8160
7344
9903
9263
8489
7512
8347
6944
5190
3477
3069
4425
125
2880
2925
6069
514
4749
9957
4296
1511
1141
2606
6200
7779
3969
2908
4328
4531
4279
1998
4490
3420
2626
9426
1076
1758
8242
9437
101
9993
414
1504
3533
365
8603
723
7477
4523
6730
8050
2312
8760
1851
3983
6147
1921
2998
5435
3343
3611
5782
5990
7882
4434
8631
303
9250
9842
810
8447
4373
3031
1569
4923
7537
3025
5079
1841
641
7279
4363
7824
6976
9957
4835
6049
6563
9389
9275
3413
8757
1646
2749
4015
3882
7068
1667
598
8648
1612
9307
1085
1902
5509
6437
2484
8447
8318
5968
1988
2109
4191
1593
8389
390
6787
8580
2420
4841
3369
6375
2706
6728
6122
9737
3768
5911
6737
6299
2316
9834
2765
788
7490
4991
7283
3743
5625
4629
3958
472
5871
2229
6244
4587
8273
4598
4529
8488
5794
4931
4843
4833
376
7895
7027
902
5733
8180
9309
5664
843
3388
9863
9365
1735
371
9272
2575
2915
9234
1814
1171
6543
448
4677
7917
6890
6563
8081
5064
9058
6835
4954
9862
7367
5098
4519
6514
3107
3155
6544
4682
2230
6905
4918
3019
9874
5425
6134
605
6078
7200
3804
1125
4639
6725
2676
242
3439
4405
4540
3001
8548
7966
1349
1970
4208
3452
370
89
1396
5854
7515
4048
3220
6272
7744
5446
6661
893
4168
6582
9532
9314
7817
5112
7119
2779
5090
3176
4884
1473
6189
8162
7532
4306
4551
7913
4024
5824
2733
4289
7644
7037
289
1014
9317
1013
2942
7129
5038
2631
6803
8705
6293
3635
8009
4383
4283
9896
2108
5360
5399
4240
2965
7479
67
4802
2513
3992
8462
322
401
7780
4099
6213
6965
9156
898
7442
5748
8389
6343
482
9320
7951
1619
7157
7099
6844
9196
5498
9912
6278
3224
1247
7615
6392
5921
7774
5229
5691
2298
6005
1708
7710
3781
179
6209
7017
8859
774
7301
3236
8472
4615
287
900
846
7966
8137
6009
8260
5298
4723
5581
3662
2011
8081
2543
8407
1286
2298
183
4472
5167
8741
3296
9760
2255
7577
9954
2451
9655
4096
3774
6954
1928
6592
7776
7891
6288
2657
4360
5203
6651
6489
6668
4278
8920
9584
6702
9909
4062
1517
8323
8146
7971
884
2681
4879
5172
2153
3835
8392
3256
3500
1634
677
2287
7639
5231
5250
5262
7083
4910
8255
3869
5812
1090
2370
6540
2781
2162
6110
5950
7072
6729
5277
6588
3542
8595
3835
1324
6519
6146
4079
2578
9725
3845
5474
7235
6650
3806
4642
6041
7002
6283
3862
1909
819
7123
5943
5580
9082
8951
3370
8626
993
28
2412
6314
6404
6425
8885
7342
6107
7525
3363
6166
1552
8627
5246
2702
8157
6174
6114
8326
5129
5399
343
2186
5841
1681
711
318
7972
6803
5281
5880
1195
9404
8061
5259
6935
5217
9597
8563
4411
7914
3521
4078
4268
8084
2713
352
8307
5585
9316
7302
7152
2390
4218
9019
963
3124
350
1434
6913
2433
9517
4945
6611
8061
4818
4480
6821
6937
1825
7823
2869
9370
3985
4394
4952
8166
9626
3580
9210
4506
6640
6540
4565
5979
5931
6281
4046
9197
9415
9615
6555
6994
5243
6167
4421
681
194
1565
5930
4850
6751
255
6932
3744
4994
5663
3566
2405
3558
4612
2731
5777
7811
1924
9306
5320
7142
4336
2232
2169
7583
9443
7913
2739
4198
156
4595
9205
3125
1996
5494
4552
1103
3866
366
7906
4208
4887
4622
8516
6797
2683
3909
1713
1195
1836
5267
7618
3742
585
870
1911
2720
409
3460
1863
9653
5352
9108
8367
315
5660
2220
8223
4394
3730
648
6518
7843
5640
892
7800
1083
1673
7601
9072
8249
8949
8687
8173
5148
6309
4461
1884
4741
8937
9916
6153
8080
6200
3306
916
1574
3672
761
3777
2707
5784
7973
207
1144
8260
6895
7861
2370
9362
1139
361
2621
8515
7907
9924
9343
7890
914
48
3677
1851
6008
2342
1906
6614
1664
3706
3112
4507
6384
4240
8752
1258
4418
2364
9297
3656
1370
5739
4991
2319
195
1902
9503
392
8292
6577
6757
120
8538
959
1750
223
7389
4684
9051
6905
4357
7022
3197
8556
8033
9990
4860
9754
5423
1032
2881
5347
5699
2805
2378
6090
9975
1349
2982
8051
4305
7837
8142
8373
4051
372
1192
6021
7002
6730
9630
7161
363
4139
9033
9628
9288
2207
1793
9145
5010
5559
1274
7300
7269
4506
1940
3360
3793
4921
516
48
5636
8089
9095
3918
8897
8240
3791
6998
2848
6903
1835
9112
168
8760
3123
712
17
3846
5623
6009
2328
225
2584
7708
1485
6342
5286
1382
1577
3796
2988
95
3923
910
614
7299
9249
2695
3354
5191
3212
7963
1698
4403
6040
5737
7067
3304
6117
6992
9980
8194
1526
2060
8801
6866
1237
5193
2072
8596
6136
6144
9221
7216
6288
9917
6182
9588
1340
723
8830
1924
254
1345
9139
8766
4300
8353
6721
8089
7276
5630
3365
3568
6695
3794
467
1346
7540
984
230
5471
4438
322
5602
646
4920
3231
2044
3090
7373
8695
2329
8828
7384
1111
6156
1444
3756
2671
8700
7009
3226
3853
5086
9061
5755
1328
4233
1089
1327
3519
1863
8725
5494
4765
9153
6742
4617
6492
9177
4184
3928
7982
5290
1830
8153
4619
7733
6458
9284
5179
6930
7812
2647
3176
2840
7448
4711
4782
9409
498
3828
8691
441
2151
706
2881
8595
1251
3901
3010
3838
3658
3924
8263
2473
3162
3529
5548
2372
785
5882
6178
9592
1595
6557
7821
5490
7303
7666
1570
1964
4193
5797
5084
558
5083
497
8217
43
4093
3766
2580
5713
9017
5615
8757
6245
4353
7702
6700
1097
2085
4015
9555
6180
4853
6906
963
747
1009
6541
281
5696
9423
7024
8608
8949
9238
1064
4874
4452
1930
990
7623
4591
5969
7226
4297
3501
9885
5484
6342
5160
3101
5883
2837
2814
7336
2741
6879
9598
3968
4186
8538
8335
5814
8203
7414
2501
9847
2375
4229
2144
1322
6475
2530
9000
2486
3534
1651
7932
1602
2246
2829
5583
620
6332
5314
3129
8494
1303
8737
9093
1924
8695
1426
7259
5866
404
6783
6692
7630
2415
8653
9530
97
4369
1543
1514
9490
5708
3863
3180
8166
3936
9031
6361
2928
8220
2264
777
7386
3479
7811
8860
7523
6060
3962
7273
8469
6083
9201
2072
3032
7016
3465
462
997
1114
6687
3858
1962
2662
5041
4806
6320
7109
5538
4396
3083
7940
3680
5575
5839
7521
1150
1987
4809
1003
3172
7892
6422
416
7244
4567
4325
9223
978
1891
5492
8640
2862
616
4611
6177
1517
4550
5617
8650
6934
3545
4362
9197
2571
6174
7069
1420
9614
8028
6574
3244
6849
4516
4648
5085
8456
2496
6940
1238
6118
187
7429
8543
7302
6312
5231
2207
9995
1761
6907
7759
1363
479
6416
1394
9626
933
5016
3038
4679
5377
152
2984
8967
4875
9981
7893
5514
6628
6015
2597
2683
879
6636
8183
6471
7114
8290
737
3925
8664
710
2000
2242
4578
1094
1516
5751
1326
4217
2625
4019
6879
4265
5212
1863
9958
8749
9935
2789
1599
4120
4608
4
2989
18
8054
7786
3943
2224
3222
9623
2351
1518
1641
2577
9328
8746
9327
8674
3348
185
6493
2028
7916
311
6912
3766
624
4943
3695
5639
2846
5861
1667
3718
4871
6117
5596
3417
7792
9375
9067
7204
4424
7586
6111
8013
3935
6137
1278
5379
9195
1602
4569
9029
9915
3017
5580
8676
1616
7006
7992
7752
8530
7033
8926
6577
1088
4447
8079
2529
467
4427
2350
5207
8475
5301
8242
7236
7729
1108
4237
1374
5641
8
1479
2194
3794
2234
1263
5665
9597
3744
4265
6642
1187
3938
4955
5854
2253
5709
9126
8476
9702
1148
7001
8804
3419
315
7855
8792
5927
4722
2258
7979
2216
3581
885
7095
8024
3494
8101
1256
5525
5326
8649
1825
4584
8063
6771
4109
6706
5556
5929
731
6005
473
9161
5009
1674
4823
7673
7724
839
7690
9625
2744
7995
4461
3672
8273
9230
3331
5493
6596
5271
6131
3955
5361
8336
895
2091
5565
233
7702
2121
6229
2747
5342
9411
6297
1871
3892
5393
8015
6953
7187
2315
9628
2228
1223
9372
5202
5746
5681
8880
4944
7034
8423
6146
179
2829
8477
8033
8955
5787
9143
843
6521
5755
5732
3969
2423
824
5006
9250
8378
8727
888
4111
4186
4239
9144
1175
4372
9742
183
6675
646
6938
3102
400
4166
9378
979
3406
1857
151
5214
7728
9463
5438
3959
5317
6970
4815
2781
4801
9336
8509
9310
514
6125
9562
9936
550
2932
4390
8525
9351
1449
9307
9333
8706
1226
1158
5184
5902
7533
3075
884
5297
8976
1551
5754
7946
400
6661
4639
5475
7930
8077
8292
9427
6464
4210
4951
5466
5016
1203
161
3073
2315
7077
5948
3701
8808
7076
4531
1336
1951
8884
9692
4195
1066
8066
7527
1657
786
8805
2689
2656
9279
7147
5419
6031
5512
8685
5826
4430
9700
4086
899
6945
1339
9072
9539
9800
4664
782
8550
9835
5061
4846
8824
9592
1883
10000
9621
1955
1110
9023
3435
1948
8490
6036
3521
1588
1875
9620
7139
9776
8111
1010
8264
512
6496
2488
1751
8294
7397
6512
6547
6517
4323
9594
3333
7010
4309
7716
9591
1613
3484
9205
2079
3286
6399
549
2090
2160
3324
4425
3036
2529
3405
3712
6588
2466
9296
2579
8791
3051
5600
4821
917
280
32
8378
976
1647
3272
2133
5499
8241
3832
8221
6097
2502
2237
3001
8575
7033
8412
2659
3566
7620
4556
9327
2141
7932
5938
6811
3289
6929
4325
4100
8972
7759
2289
9862
6558
6151
3345
2336
241
1760
6048
5353
6722
8628
3209
8233
3492
9957
3477
3450
1932
5697
1453
9321
9809
6138
2373
226
3117
4686
7347
4757
6796
5707
1870
5989
6126
3060
1844
5493
2228
2716
5245
6730
2638
5025
4824
904
3448
8781
1357
649
6160
7707
7869
8436
1115
5436
5783
72
4918
2235
3433
6403
5425
8008
4698
660
1801
4263
6523
8532
7304
6615
3762
5342
8267
2573
601
8867
4083
4646
5146
5418
7489
9037
4079
74
264
5254
6605
2374
4089
470
1510
4777
3969
3288
1011
9618
8435
469
2475
1200
5817
3611
5191
1464
7460
9282
1343
9832
9734
9499
7896
5868
9141
3066
5234
6458
3856
7146
6858
1013
1930
4032
5046
823
8688
8524
1543
9273
7812
1204
2124
8582
5050
3804
671
2817
6504
1796
9087
9427
4877
6809
223
7666
7175
4812
9360
8335
1608
7165
1
4747
78
9329
1512
6668
3847
3819
843
4253
5090
3790
300
6454
2500
5086
7590
3227
5308
940
7487
7948
1484
9240
4966
9964
5550
4846
6805
6789
8378
2025
1657
7054
5010
2292
5341
9222
6459
2194
9391
3021
377
2861
733
3875
8375
7718
9408
3755
8192
7786
6079
6477
3214
5038
1193
379
8858
5366
8335
2590
7265
3133
7820
400
5569
2788
3458
4788
1695
7344
9843
1383
516
6527
2046
1479
747
3249
7918
4749
9709
8717
1902
4659
7186
1042
7559
8509
2194
7450
6911
482
5974
5768
755
3192
6423
1071
7305
5016
3302
9911
3977
6867
578
2992
1537
7114
1165
8512
428
4617
2100
2278
3140
1955
7042
2257
7569
8542
2718
1999
2082
1651
7568
2987
1934
3117
3872
2156
1580
8836
6604
1356
1467
7041
9062
6395
5937
2149
9082
8362
4581
2630
8643
3905
340
9182
3540
9524
3519
3547
2503
6199
409
7386
4863
3914
293
5834
6625
5225
4444
5936
8291
7751
3130
1966
2338
1991
2944
8163
2622
1523
66
3338
9828
6359
2751
870
6594
3839
7489
4080
1768
1919
6063
9151
5146
6043
7358
1902
225
8176
5103
4119
7896
8157
6052
2286
2878
8908
6281
4873
4056
4454
3520
5379
3170
8329
8956
2844
7067
199
9070
7277
9468
8181
4862
4133
7519
5862
1556
6008
1148
4279
1054
1033
7418
9420
7698
4598
8177
7157
6291
6138
9642
8799
7084
4136
2892
6760
107
9076
4596
5556
9241
7523
8177
1209
6256
8537
955
371
5912
9758
8918
4698
4159
3662
2959
3583
4091
6146
733
966
5558
8808
187
6855
1783
1619
7878
9400
3019
9425
8008
9912
2228
3211
2601
4066
2053
9215
8892
5218
2250
3296
6835
7376
4976
294
40
9280
230
4509
6336
1764
5020
5519
7974
4270
302
8319
9698
9300
7221
3045
546
3883
7785
7454
8110
3893
7800
3032
66
3963
267
5920
7824
4361
6827
9728
7074
9709
3456
8999
4953
4466
8861
3420
7153
7460
974
7927
7451
6378
3059
9288
9419
4610
310
6766
507
8960
2360
9600
3091
1065
9095
3652
6612
7659
9687
2912
8236
7386
434
3034
610
9689
2966
7890
4565
6151
5816
6930
589
4093
9948
3185
1213
1136
446
1708
5999
6990
9743
6117
3443
2
5880
3897
5456
5911
3390
5479
5256
2692
183
5081
9330
5283
2968
1673
4797
1412
9938
6055
3538
1238
5921
2535
4404
184
827
7005
5823
3068
34
9011
2510
5990
9062
3756
6133
1810
3911
7939
2785
7303
8306
7985
4507
6941
5563
4771
4421
4145
6410
7780
4272
4292
2987
944
3063
9351
6222
3903
2983
1696
660
6128
3614
5369
8671
2343
6011
1908
8912
492
8193
5890
3014
4965
7492
877
4873
5714
4902
1588
3136
3210
680
6452
4886
8993
7775
3380
7336
5054
9497
2779
3182
2948
751
7984
2209
3723
7584
300
5295
438
2382
6919
5072
5263
3162
833
7357
4119
8747
4207
5687
5074
6643
2910
2853
8200
4333
1653
3206
7104
8961
8392
3444
3037
1274
7453
9356
7038
5242
1581
1962
8406
6630
4636
3657
6235
5239
5768
7548
7691
1806
1660
3963
3352
3948
4362
1517
372
7591
968
3629
9117
2052
2076
6699
9823
4532
9660
3213
5630
8524
77
9915
7860
4586
9469
1385
6734
8989
6608
6073
1684
155
8487
9968
4255
9573
1915
2461
8108
5603
3640
7110
4747
8858
6534
5310
6872
1418
4650
7999
9610
3159
3208
3831
5024
9931
6331
4525
8858
3253
1024
4489
9248
7945
1977
1176
2828
3516
2457
2238
440
6558
7447
9949
3245
6462
3998
2258
7353
7085
492
6394
7682
4426
2748
9656
8301
6175
8170
6504
4455
889
4340
2538
2427
1313
5309
2561
6902
5394
7681
68
2428
8987
3149
3392
2736
7663
6642
9513
2252
3682
2076
4628
5146
1775
9802
320
8308
201
6658
690
2966
7827
8016
8603
5131
3505
4109
2244
8541
6694
5699
8825
4098
3227
1796
3881
47
5393
4807
8822
7458
3731
5631
6184
928
245
9156
557
5025
6468
416
8346
8241
9115
3026
7881
3240
4079
679
5726
8845
54
1944
4534
5761
8361
3407
1882
8220
7627
7268
6345
2449
3878
9922
4529
2293
4427
426
1158
2271
8853
8788
8083
246
877
9440
4892
8425
4597
4761
5081
7647
8082
44
8962
3202
4239
2993
6197
846
5531
3800
2044
5306
5451
3903
4978
5148
7573
6498
4587
2151
5518
9635
3388
7943
5776
6861
2666
2124
6266
3811
7297
3991
9698
1153
8000
5497
8070
3820
1699
8560
6853
4868
1771
3994
8251
3176
7635
6704
1423
5958
9912
222
6653
8737
4970
448
924
3709
6134
2546
8241
4428
6931
106
1191
496
3605
8200
1849
6076
3441
4239
11
2709
9918
36
2820
3694
2566
7386
2955
833
636
4205
4672
7128
3872
4167
2845
6736
5928
6553
7409
6096
6928
5193
3970
678
3507
1527
8577
666
5702
9162
8543
5502
9990
895
3503
2875
6769
5704
5296
9604
2419
3268
5240
977
8656
7771
1400
6898
4640
6884
7933
8843
3416
3573
8891
206
2471
2251
8157
4511
3019
4639
7390
7033
9326
4735
300
4402
9124
2291
6799
8357
8362
4748
4607
3448
2120
5599
2292
5273
3528
5136
7352
8988
5886
619
9949
4061
2700
8072
3601
1699
2632
2541
4097
368
9426
3664
2842
4890
8589
8872
1264
8221
3040
6251
7499
4465
3030
6675
4043
7492
1373
422
8424
9561
3047
8580
4427
337
3466
6375
1520
3191
1654
8171
2918
6598
3515
1016
9998
6543
4070
2996
7172
9344
1895
6771
8253
1227
8798
9520
2294
3652
2480
5183
9628
8950
4513
9419
7113
8155
7764
7065
3189
4493
8385
9311
3796
2852
22
8835
5811
5136
5219
202
3660
6804
2187
6441
4924
4592
2503
5273
3656
2356
9279
850
3269
1549
1481
7442
3161
7036
3036
128
464
9523
868
7451
6276
9914
859
1103
5359
1944
481
7380
177
7883
5723
8736
5419
6200
3305
7540
5602
8840
167
2602
8320
3712
7440
1892
4903
199
3150
8227
6559
220
1727
5795
5959
8163
512
1344
3571
1468
9118
62
780
8334
9266
4482
5109
3695
9482
5792
3410
6401
4398
6969
7847
8904
8710
8086
1905
3671
1047
1404
456
688
2630
4206
6226
4827
6042
5803
4472
4714
7742
3561
3297
9025
9320
8270
9153
2962
7919
6454
7403
1625
72
4021
3266
1287
3444
1610
4043
5267
9918
1605
5845
2525
4192
1914
6034
9197
2887
1394
668
6504
1421
6890
7965
1982
4613
610
4076
8581
7117
3377
6860
251
4967
7474
2935
5970
2264
8895
8903
7768
6420
7660
9508
4500
6755
7849
6716
5118
9415
5807
3991
1701
881
295
6171
500
803
3710
7561
6354
8208
6798
9003
451
2599
2209
4063
5531
6463
2816
9830
538
1948
5321
4278
4263
1669
6387
6183
1597
8184
1754
9938
1283
9988
8485
6315
8343
4468
9281
9979
4555
6106
9301
6529
2029
9100
2105
5870
8525
9060
304
9205
7794
5031
4929
5015
6699
9816
5926
9204
1461
8821
2182
8055
4752
3890
8516
6426
7792
8217
1697
8028
3171
5352
9430
5093
6142
2872
1575
4962
1691
9379
4074
7172
458
5206
45
1480
2633
4727
5533
6083
7306
1512
760
9473
9206
1684
9613
811
1856
7320
769
1181
5092
3515
1120
5504
3426
358
2817
2761
3626
430
1035
1628
299
1453
6430
1066
3088
1601
1336
1783
6876
1509
9458
587
3875
4656
5700
5534
4867
5890
9622
8595
2809
4390
1586
5666
2943
887
5316
1227
7870
232
4647
3366
4295
9535
924
8198
4149
9342
9712
4448
2935
981
2709
1175
4482
2586
6214
2363
4715
4556
2197
1295
1109
4426
3844
430
3682
4507
4211
8827
2266
3289
5612
1777
5948
6501
4344
216
4135
781
7738
1918
4276
3242
3531
8944
9899
9367
1033
7912
4716
6618
3767
7101
2240
6688
9656
417
5308
1405
86
44
9643
5675
4346
968
1619
8105
7942
8241
4038
4241
6297
7933
654
2576
8201
5118
7872
1816
8846
4241
493
302
855
5532
724
9658
6292
8222
5081
561
8507
4761
8786
4435
9833
6916
4928
8708
7195
5679
1684
6043
2480
7600
3235
9649
7328
6631
2952
3650
4034
6623
8968
4594
3384
8171
8281
9666
254
2918
2703
8552
3428
3172
1603
9232
3760
8930
9453
9671
6522
9234
3264
3016
5546
5837
8412
4192
7080
926
2463
9739
5004
5854
2690
8149
7015
326
8769
3450
3032
3032
1745
4872
4941
2614
413
4538
6486
5844
5774
3294
3147
8229
2091
9147
4778
8221
8561
8490
2129
3581
5668
8522
880
3
6832
5025
4020
2765
9889
3307
8868
8214
1384
780
6577
47
8606
5016
7475
7096
665
4946
9411
5260
1798
8631
9664
1028
2672
3305
5951
6061
6072
3363
1508
3984
4596
1480
8307
939
6948
2015
8881
9112
8577
3182
5893
3381
2454
2875
41
2446
989
9118
5107
4777
1301
6795
4932
7442
6773
8524
3084
9063
6500
9415
3993
1646
8135
2266
4133
3848
8063
4879
6164
6676
1473
4777
9537
3439
1717
6048
2349
3882
1109
111
262
7024
7965
5973
1785
1096
6019
613
7838
16
9613
3109
6834
3679
7761
271
9546
7379
7141
6704
1494
9798
360
8073
1558
9370
8371
230
4591
5946
7653
7293
6929
5577
8086
7408
1535
9780
4346
9780
9223
7030
4231
8168
5513
5068
7602
5307
6814
4410
5453
7169
5032
8014
5373
8313
8419
4822
3209
2215
6195
9689
9872
6755
1076
269
1641
7557
8360
8380
1960
1113
8547
4828
9086
7727
7199
4408
2863
5974
5381
3581
3397
7001
5075
5394
7719
9865
5118
4719
5020
5050
5136
1255
2367
6896
6752
9599
7044
5414
9247
8494
5280
8349
2381
402
9039
3347
2510
4183
8080
1631
9437
3865
9146
6125
5526
1953
2217
3300
342
4704
7031
549
5771
166
5179
2620
7400
5309
4133
5253
1204
698
6343
6429
1509
6463
5022
6386
3010
1661
6422
2303
4728
3266
9665
8069
9327
6077
5956
4779
514
6581
5362
6203
1713
5289
6052
603
9401
8240
8363
1944
4173
9238
9843
463
657
9822
7929
8027
7195
4413
6762
4439
407
7827
8777
653
7748
7231
5723
6024
3630
6288
7275
7709
9675
6469
3176
6019
9191
8737
4085
7470
4630
4139
6142
4831
8907
5194
8886
4380
8611
87
6354
9132
6942
2875
6580
3805
7204
4857
4779
6646
7231
9240
6476
7549
4484
2216
3588
584
4696
5395
8312
7354
4066
3292
3485
9219
812
7252
4241
8232
2759
8734
6302
2934
9639
6831
386
4124
978
8371
4835
7179
1412
5906
6249
7708
1136
1595
3294
6865
8108
7923
9032
3827
8440
7729
936
8076
2982
3890
3777
8235
353
5316
5868
9255
3739
7483
1716
9576
3229
3392
6623
2261
5394
2067
421
1431
9454
2548
9067
8891
7394
8313
8147
5991
588
6604
567
7719
2249
5475
4768
3609
1933
6673
2456
4925
960
2249
5837
6854
2388
949
4512
7850
586
7480
312
1190
2099
4082
4138
6949
9451
7751
9130
2479
2009
9216
2987
606
4355
9457
7329
7023
1236
1098
9885
8299
8076
1694
9347
8921
7356
3504
5582
4676
2066
5516
3767
6450
9612
7881
4552
9511
94
7763
5330
9376
2541
2137
4098
2961
5565
632
2183
5324
3626
7893
5691
7275
8032
5609
5189
2494
2667
1257
9327
7255
8447
712
3600
2068
2151
5006
487
9019
9292
6161
5983
3596
428
6316
8161
7086
8190
3016
8409
8936
6619
1343
9974
7145
3735
2396
5594
3250
6925
6628
5687
8533
7708
4266
3034
9414
4361
9105
2185
8411
7518
4729
6643
2737
1130
9546
6511
8808
2966
9300
3205
3113
4119
2982
2949
6358
6695
7675
56
6025
2140
257
2090
4896
3451
3410
9809
9327
3499
8946
6353
4714
5699
1675
9859
4649
4449
2405
6744
4961
7213
6832
2681
2398
1640
7934
5502
7161
9763
1768
1885
4095
2680
8985
5823
4165
6941
1349
5840
4035
3775
4554
4106
1840
193
4855
1706
6590
5336
6960
4035
5961
205
9149
4682
4109
6497
644
5743
6632
3146
605
2447
1559
8271
4983
2607
2800
6797
7746
665
2983
2586
4969
485
8581
8358
2862
1163
1956
8513
9301
2953
4522
7692
7340
2553
2935
1553
6283
7919
528
9922
2424
7090
8628
9987
4126
781
3698
3206
7953
3664
7093
5123
6256
2004
2418
3940
6888
2962
7117
5146
5414
4573
6758
2894
1663
4442
2355
4935
8915
283
4280
8309
6562
3552
8092
2927
9764
8537
4750
4059
6452
6068
7776
1959
2483
1828
8839
5586
5294
904
8310
8739
5827
9525
5840
2964
1514
2409
3249
7316
3439
6328
2281
8084
3266
866
6711
44
8666
2389
9914
605
2923
6378
7715
9502
1433
3262
2908
5158
2798
8668
7258
9128
1852
1237
6241
3667
6593
4803
8349
5666
6019
9485
913
2214
6681
5999
8674
7690
9902
1813
1536
9849
4288
3808
5550
8719
6172
3419
8915
3859
6748
9905
1947
2876
4202
8235
815
5254
9474
1718
4300
1402
642
115
9267
5702
91
4186
517
4241
8400
821
4248
7279
7430
7262
8290
5977
8997
6875
3666
2287
2933
4713
5331
4803
7420
6647
5032
402
2813
3721
921
3417
6415
7409
4975
194
2062
8579
5788
1035
975
840
1077
2904
984
6565
4787
6498
912
8060
591
3773
9910
8141
2213
1625
4695
2299
2185
300
1041
7891
2510
8052
6115
198
4578
2700
7761
9491
5752
3977
6415
2432
8780
3214
1857
6565
7452
4893
4112
9463
518
97
8919
7391
36
9710
9262
7455
5237
5927
4263
4635
6578
5488
824
6312
2906
8907
7434
9740
8399
5932
6760
3715
1419
869
334
8299
6760
3393
3901
7934
5227
6238
5348
9389
5772
2059
2
468
2141
8403
4513
4251
4027
9517
5668
6186
6628
1403
801
6687
5424
265
4586
726
8193
4953
9479
6976
625
1284
6926
4627
5769
9204
4590
9737
7854
8858
3127
635
4131
5808
9737
2355
2817
9528
3258
5208
184
7448
1397
145
8147
4478
7534
9903
1597
9856
7211
9716
2090
9046
4216
8656
7182
7127
266
4977
2132
7823
147
9212
6898
1291
3180
1972
7038
7643
3127
8970
782
8332
6508
1453
1440
1257
1579
1690
3618
1216
758
577
3277
1050
9115
9583
3885
2011
7194
3749
8063
155
3156
5111
8354
2516
5546
5274
845
6169
136
4962
9297
7231
4630
4443
8271
4349
978
3918
3034
9558
7588
7391
8245
7287
8984
5372
1455
7117
8102
6444
9595
1018
6373
7875
6487
7079
2739
7851
5863
4202
2088
6868
9754
2934
3029
7907
1467
5742
7735
8580
3774
8771
8426
367
3404
9805
7663
4065
2804
3864
5607
6497
9178
2884
4835
703
6602
7239
1196
1460
5748
7515
2256
1812
3513
2523
1688
1803
1122
2643
4652
4481
5909
9140
1174
9048
4806
2294
5957
6412
8283
8332
2918
1424
2647
2407
567
6781
6922
5728
8858
8834
2158
4612
6211
6907
3241
8845
2231
9180
6154
9295
7568
6905
7342
4441
3922
2097
7448
8113
6889
6154
4883
8401
4628
1676
8221
4439
2576
4618
1936
1157
2198
4680
4926
5984
4818
925
820
3032
9382
2298
138
1552
2656
8570
3246
9797
9397
162
34
1232
5343
1481
4175
6435
1851
4331
5110
3242
2477
4972
2942
1921
587
9958
8900
8092
5524
6854
3906
3004
4201
768
6095
2852
8696
7126
3378
7698
7155
3189
1009
9600
1826
4036
2827
9099
8806
6337
3513
4064
9593
6239
5819
3795
133
71
9289
5963
3133
1508
5174
9877
1457
6681
4205
212
2950
7292
1562
6090
7223
8495
9071
3938
43
5939
6161
4987
452
9463
2466
7523
4009
3961
450
2510
1807
3429
267
2224
3049
2416
3062
6383
167
4300
9960
1651
4274
7115
61
4965
1511
1807
5949
7765
2213
9840
8818
4061
1609
8060
9588
9837
4200
1299
8747
6384
6868
9363
3937
8100
2920
5071
920
8327
6076
9712
207
6332
714
4995
3274
7789
837
5604
9416
7829
8395
9929
5454
1342
4704
9028
2415
8469
4747
740
56
834
7642
6611
2145
1759
9786
7152
7503
2245
9467
8787
578
1513
6458
7969
2361
2119
4138
9147
3947
4169
3500
8192
3559
8874
1411
244
6773
3005
4252
3783
8739
2590
4402
334
9650
974
7979
4808
6266
2256
2846
9877
8397
8337
7673
4909
6919
6867
2139
3687
7655
2195
219
7959
5041
5524
7543
9010
5860
6446
6968
5225
3095
4606
2606
1506
7991
9677
7491
7177
3759
9271
2884
6471
1356
7255
9457
9609
7135
4627
1746
8258
3006
6877
2872
6320
8431
9861
1435
8884
8989
786
152
6698
9701
6932
5709
9965
5079
7888
6958
8362
6422
1110
4122
6310
9900
3055
5141
985
6483
7887
5347
6570
5290
6326
5297
2320
7648
5908
9147
1840
7921
6804
4369
1284
2351
8729
6043
7957
6873
9107
6359
7148
638
3669
4761
4072
5057
5668
9215
5920
3742
1129
908
8477
7625
9783
1418
7230
9653
5316
6142
7246
3005
2964
1870
8995
884
8209
4979
9399
7363
3341
9786
8669
2680
4117
1728
2355
6765
3464
8326
3542
9313
3172
8973
3328
7479
380
2368
4058
6237
3169
2121
774
2002
5577
5888
5543
229
4582
9289
2610
506
2183
8179
4443
9635
8533
7462
8496
6391
486
6841
5749
3419
719
7836
3139
1447
6167
4931
6422
5213
8862
9732
3472
297
7925
2714
945
8649
57
6029
3741
4980
8689
7979
7083
5838
4691
5993
7959
1301
4360
4620
5770
6337
2646
7792
4271
4290
4492
5534
94
6777
6609
2918
2003
7458
4720
7539
1580
3853
3419
1512
1821
8850
4811
2782
824
5335
1729
9138
9551
9078
3534
2882
7289
351
4358
4470
6394
585
778
9242
6128
1645
4186
628
763
440
9067
4215
4310
4993
352
7506
9269
892
7394
5064
2865
1554
1158
8940
4040
8088
5139
9158
5706
392
6615
8029
536
1397
6519
8006
89
9515
4170
9996
4556
5976
8484
8218
6368
3805
720
269
8886
5463
8179
5640
5186
2807
2135
1968
4302
1256
1313
6205
1229
9011
628
6192
5794
7778
9606
1605
1880
3944
6568
6203
3506
3005
9932
7554
9713
6890
7543
9243
1962
1228
9949
3023
789
4807
6594
6764
8644
4425
6636
5664
9148
1289
8231
8885
4327
9859
3019
3813
2261
5335
4218
5825
6968
8372
8164
5762
617
5878
8769
8046
5175
38
6967
9071
9671
1917
7661
5317
1624
6614
9010
9242
7347
6247
5014
5180
5922
8232
5007
8003
3743
9564
1021
2337
6151
984
3439
1447
3256
4189
8798
1950
4777
9105
3345
9411
6455
6303
2007
953
9258
5550
6547
1805
7830
4330
295
1194
4083
3411
4537
8230
8739
2384
5751
5022
5046
1902
4025
4241
4603
9209
4994
6927
1388
5781
6006
5126
8725
8658
9138
3016
5025
3090
22
6645
9431
2103
2431
3895
2017
6543
6572
64
3933
3720
967
1027
2454
6998
947
3522
9778
4855
3033
9916
5362
6710
2731
3402
7408
3265
3577
5791
5219
6765
3579
2502
7636
398
239
3067
1908
5084
5883
2079
6802
9180
9544
1734
2453
5344
2195
4716
6593
4463
6756
6872
2464
9414
4426
9854
6189
8345
9462
8139
724
649
4237
8080
8533
204
7498
2491
214
532
9341
3619
3817
2159
5407
6060
2917
401
7378
3358
8136
73
224
4633
3430
2225
4294
3057
1265
6753
2161
1201
3041
6713
1160
328
286
5901
5252
8146
8092
4236
3928
6643
4436
7984
1462
9455
2575
9006
2686
4735
8363
5946
1283
8243
8934
2300
4196
7968
2557
3416
9795
3540
1101
1807
239
7572
2159
9737
4524
2160
8175
4177
2327
3054
3194
8995
5782
6395
794
3930
1049
7706
4540
3307
7507
9054
1843
9868
9665
1803
9429
7596
5001
1390
4994
9216
7776
4553
6959
4955
3632
2622
2027
2113
1840
3758
6593
7674
6933
2147
5580
1129
2659
1942
8568
6264
8803
6932
3380
6379
5351
3854
695
5094
9860
6253
9252
673
2088
7610
5289
1614
1577
2955
3991
79
3621
3760
4691
473
8081
5124
3215
2552
1146
7498
5542
7812
8566
3889
9589
9956
1245
1425
8781
9094
8907
7581
9227
1559
1487
9422
1095
8210
7469
5071
7260
5774
4391
7597
9619
2979
1087
6514
4499
3157
2035
9613
6133
4350
7131
4758
6859
7566
5889
7256
3629
6176
8836
8040
1393
567
7480
9823
9064
9247
1587
6162
8049
2773
2041
8052
4756
2084
5933
5173
6092
6280
4102
5175
2629
6276
4469
590
3176
1390
1166
5969
5464
2288
1219
9601
1605
4971
4793
2890
73
9926
936
203
5174
7828
3850
1688
2739
1726
5483
4622
8114
1238
5205
6605
6105
4730
5307
2961
1558
2761
1809
9765
4179
3273
5084
4231
3929
8070
1445
9758
1933
7571
2693
8380
6270
8625
4113
3495
5933
2436
7327
1099
4151
6472
2601
4774
5477
637
1070
713
1261
7388
5597
6754
5061
8661
9550
4518
63
8045
5656
4794
7294
5641
8181
7706
8388
6713
6388
2531
4829
4810
9774
3403
1696
2898
9358
8956
6374
3462
3723
8419
3274
3719
5926
612
3001
7555
860
4847
8647
39
7011
2607
5125
3251
5867
8551
4768
6308
4277
5136
1508
2353
504
5738
3308
1616
5426
3366
6561
5208
9301
4724
8892
6064
692
7124
9020
6808
9791
9110
2837
8772
5960
7929
1605
7286
4685
8464
5644
2499
3015
2390
22
8758
5426
2648
5861
3756
5670
5296
2525
2543
5586
2436
7028
3503
4504
7897
2920
6875
7750
242
5758
1905
5921
9175
5454
9231
1293
7348
5923
6497
7596
9667
3696
6439
9732
981
503
1195
9790
5806
1751
5285
6601
6902
2884
6143
2553
2504
1190
7318
7124
4398
892
9324
8067
5810
9715
5491
551
888
7591
1148
6589
3339
799
2385
7660
591
9028
2495
7302
6398
831
6309
560
6873
3268
4779
2086
5946
8691
6082
8012
3242
4963
582
6084
1309
4755
6722
3563
3046
7613
747
1011
6003
6963
3291
9253
2712
2721
2609
3027
1472
9925
277
1219
1361
3662
3501
7313
9536
9321
3553
5131
1516
3035
4291
6951
3962
426
8990
2136
3099
9975
8257
2703
8425
9362
6805
5606
5126
4725
2103
3958
7140
1027
8150
6777
8281
2020
4412
4299
4457
1600
1251
2934
4718
608
5535
6575
5628
8076
1298
9890
2660
3625
4803
7917
6888
1269
4479
195
2529
6995
1934
754
6560
7577
8864
2391
9394
9998
2575
7835
3317
8623
9717
8640
2799
9898
3984
2765
4791
2222
2673
2691
7461
5145
2655
1148
8513
4757
1891
9660
6458
5365
5571
9148
8513
4186
378
1332
658
3295
8346
8337
9883
2496
7418
4251
935
9951
3525
380
317
4580
9863
3902
467
2519
3961
9077
6265
9269
3509
1522
4820
2988
884
4248
3483
7134
5564
2525
5263
9706
5061
9603
8807
4063
4020
1254
5204
6143
1874
2171
9124
8346
4955
5083
6796
6104
8950
927
6174
3643
5491
3160
5587
6405
5102
1186
4332
5474
5882
5082
7202
8621
5914
1148
2740
4941
8354
1764
3449
4046
9981
1910
5968
3504
3609
54
1296
6058
7164
270
8253
5720
3549
5391
7715
7313
4038
2710
3259
8827
7204
2017
4977
7699
1444
9320
4945
6940
1633
2722
924
3021
9271
1310
3476
8265
7054
27
121
3016
6438
8292
1895
2167
4572
8616
4925
2554
8604
7304
6367
5108
9797
4678
1861
2506
8341
6675
5140
9882
4346
1065
5097
2312
5409
7893
4233
8853
3612
2191
4694
7781
3233
5059
1081
5345
1550
7619
2308
4003
7367
5062
539
7874
8935
436
2243
9065
2056
6331
9832
4854
9634
646
1270
4751
8582
4327
4673
2926
4166
4818
487
9965
9358
3320
8644
7182
8936
3387
5143
7832
9021
2856
9341
5379
9519
3320
3962
3385
496
1359
1815
3309
4109
5251
3473
6007
5566
7281
634
274
6538
2921
9985
7792
1861
6214
8314
7364
4400
4344
2830
9864
7622
9363
4210
3507
3321
3615
3186
1244
6051
4936
480
9726
9596
1850
726
2973
4510
953
5684
6188
4265
49
9015
2239
6430
4044
9793
7206
643
6355
1794
4338
1426
6835
1256
6372
9600
9397
1283
715
7031
4493
2354
3216
8399
9953
4298
5949
2924
37
616
7471
3508
1921
2376
2127
5388
4685
6769
5304
9246
5055
4945
258
2340
1823
3994
1002
5777
7757
5328
3148
7495
1073
7469
4013
4667
5490
9480
2794
8526
3017
5366
2432
3367
7511
2136
1408
2330
6872
6962
2073
6141
3604
9487
7327
8826
2423
3126
4738
5891
7834
4176
870
5107
2974
34
