500
37
34
134
160
92
39
77
389
314
160
360
11
189
404
480
397
134
184
479
141
433
193
419
490
105
447
393
396
498
209
393
86
361
193
97
318
196
81
164
131
184
217
279
408
253
339
250
489
422
349
416
143
367
448
399
357
253
391
355
345
39
381
395
490
459
381
179
192
341
156
340
495
104
77
344
395
454
309
299
480
65
141
213
460
301
361
387
70
217
266
181
410
388
352
394
492
116
232
486
163
472
333
49
317
398
111
170
42
274
94
23
440
50
426
455
148
312
424
335
432
263
243
293
284
210
274
487
173
196
391
252
206
378
74
298
252
107
253
39
450
136
30
376
307
392
378
238
408
341
37
474
417
258
450
440
49
64
477
137
358
487
387
29
195
80
295
447
134
151
292
277
245
38
293
487
454
371
52
368
310
469
285
246
485
328
145
321
67
20
458
361
433
458
361
458
277
250
303
233
193
256
63
132
323
89
179
299
330
341
232
187
212
193
357
359
35
434
384
90
438
68
465
11
101
428
430
467
487
327
400
128
437
226
196
334
131
70
45
243
396
253
313
214
499
136
372
76
75
7
103
409
320
340
451
317
493
437
280
47
482
242
314
122
281
370
306
270
313
237
251
194
306
294
10
245
428
166
98
318
149
336
218
232
177
156
144
14
113
437
369
421
103
155
380
413
50
165
79
404
363
149
244
320
217
382
297
77
433
466
16
341
135
352
34
267
359
425
268
224
186
49
378
447
251
487
253
130
25
325
264
130
250
115
484
325
201
319
81
332
125
456
368
286
350
319
32
23
449
235
332
39
180
191
479
254
132
217
73
271
106
361
221
111
279
35
408
284
229
413
125
155
62
25
283
175
39
116
361
122
223
181
284
143
91
52
463
223
304
442
107
174
436
29
196
199
237
287
45
359
332
457
382
55
259
175
477
446
224
190
150
69
406
449
37
421
430
377
326
221
337
491
477
149
238
269
86
271
5
298
189
351
442
38
492
412
236
473
285
104
82
258
371
497
23
150
287
241
256
309
275
90
320
13
49
493
336
344
351
307
264
417
477
319
201
296
279
75
253
141
441
22
457
109
316
158
278
57
337
273
438
212
283
292
336
129
42
331
331
489
480
317
255
121
434
203
382
54
352
12
497
