1000
74
68
267
320
184
77
154
777
627
319
719
21
378
807
960
794
268
367
958
281
865
385
838
980
209
894
786
791
996
417
785
172
722
385
194
636
391
161
328
262
368
434
557
816
506
677
500
978
844
698
832
285
734
895
798
713
505
782
709
690
77
762
789
979
918
762
357
383
682
312
679
989
207
154
687
790
907
618
597
960
130
281
426
920
601
721
773
139
434
531
361
820
776
703
788
984
232
463
971
326
943
666
98
633
796
222
340
84
547
187
45
879
100
852
909
296
624
848
670
864
526
486
585
568
419
548
974
345
391
782
503
411
755
147
596
503
214
506
78
900
271
59
752
614
784
755
475
815
681
73
947
834
516
900
879
97
128
953
274
716
973
773
58
389
159
590
894
267
302
583
553
490
75
586
974
907
741
103
736
619
937
570
491
969
656
290
642
134
39
916
721
865
915
721
916
554
500
605
466
386
512
125
264
646
177
357
598
659
681
464
373
423
386
714
718
69
868
768
179
875
136
930
21
202
856
860
934
973
653
800
255
874
451
392
667
261
139
89
485
792
506
625
428
998
271
744
152
149
13
205
818
640
680
901
634
986
873
559
94
964
484
627
243
562
739
611
540
626
474
501
388
611
587
19
490
856
331
196
636
297
672
436
464
354
312
287
28
225
874
738
842
206
310
760
825
99
330
158
808
725
297
487
640
434
764
594
153
866
931
32
681
270
703
68
533
717
849
536
448
371
97
756
894
502
973
506
260
50
650
527
260
500
230
967
650
402
638
162
664
249
912
735
571
699
638
63
45
897
469
664
78
360
382
957
507
264
433
145
542
211
721
441
222
557
70
815
567
458
826
250
309
123
49
566
350
77
232
722
243
445
361
568
285
182
103
926
445
608
883
213
347
872
58
392
398
473
573
89
717
664
914
764
110
517
349
953
892
448
380
299
138
811
898
73
841
859
753
652
441
674
981
954
298
475
538
172
541
9
596
378
701
883
75
983
824
471
946
570
208
164
516
742
994
45
299
573
481
512
617
549
179
640
26
98
985
672
688
702
614
528
833
953
638
402
592
558
150
505
281
882
44
913
218
632
315
555
113
673
546
875
424
565
583
671
257
83
662
661
978
959
633
510
241
867
405
764
107
704
23
994
954
193
60
190
263
54
822
61
295
157
919
88
410
885
557
376
358
756
379
601
459
651
985
650
866
794
165
111
527
831
58
49
262
389
821
486
887
267
160
419
462
315
727
203
467
843
337
839
214
308
608
893
589
485
820
798
556
55
14
986
4
90
448
68
57
876
537
330
109
67
807
973
882
365
537
325
298
552
481
532
237
781
45
834
455
153
184
632
102
637
401
581
699
462
275
196
189
95
342
138
857
128
924
75
166
456
755
505
228
35
490
290
182
509
146
266
106
943
964
772
972
220
292
860
342
780
881
238
828
904
220
909
972
409
642
602
786
802
20
878
228
920
736
74
703
649
499
610
626
494
122
907
48
535
128
757
259
478
92
997
347
149
988
942
863
603
591
995
876
642
217
707
729
318
684
155
690
472
628
578
706
739
441
614
524
319
699
354
285
655
690
481
302
295
408
443
574
960
673
521
413
977
328
458
756
898
917
458
946
90
289
404
194
723
489
301
896
857
628
375
394
689
599
326
193
988
552
792
555
898
721
793
129
282
636
745
469
963
369
55
627
670
203
762
367
363
61
963
964
148
961
826
179
928
778
693
700
478
509
538
687
783
17
746
144
407
359
370
788
616
83
144
650
521
293
290
737
831
670
550
693
73
829
392
228
826
788
283
761
699
285
57
379
277
34
978
669
768
455
610
531
848
635
320
275
392
727
426
106
728
673
543
873
469
904
471
988
638
836
427
505
68
786
3
648
516
797
420
839
636
220
318
34
100
90
157
850
952
992
520
364
283
307
517
394
656
548
638
338
39
264
112
353
355
818
183
667
709
441
853
758
762
866
680
522
865
40
642
799
923
664
232
451
744
833
108
889
795
287
376
219
249
71
677
57
930
569
144
641
871
667
566
531
55
193
811
928
376
600
33
114
869
633
979
538
631
26
420
402
650
759
658
962
343
665
627
430
144
933
161
48
383
44
90
628
803
530
4
6
904
80
183
675
202
728
219
74
615
664
496
288
639
142
645
835
65
279
521
355
65
710
467
13
588
510
913
2
156
30
896
697
216
282
790
296
84
793
711
184
861
803
572
122
392
266
576
581
631
388
324
158
30
416
109
174
788
684
23
1
577
625
645
362
826
858
166
36
913
783
448
