5000
367
336
1335
1599
920
383
768
3882
3133
1591
3595
104
1888
4032
4798
3968
1336
1834
4787
1404
4321
1924
4186
4899
1045
4470
3927
3955
4978
2081
3921
857
3606
1921
967
3178
1954
801
1640
1308
1839
2169
2782
4077
2527
3383
2499
4890
4217
3488
4159
1425
3667
4474
3989
3563
2525
3908
3542
3446
385
3807
3943
4891
4589
3807
1783
1912
3406
1558
3395
4944
1034
770
3433
3949
4533
3089
2985
4800
646
1405
2130
4600
3005
3603
3864
691
2168
2652
1802
4098
3880
3514
3939
4917
1160
2312
4854
1626
4715
3330
487
3165
3979
1110
1697
420
2735
932
222
4392
497
4258
4545
1477
3116
4239
3346
4320
2630
2428
2925
2838
2095
2737
4869
1725
1954
3908
2514
2051
3771
732
2976
2513
1067
2530
389
4500
1352
293
3758
3066
3918
3775
2375
4073
3401
362
4731
4169
2580
4499
4392
481
636
4762
1367
3577
4865
3863
289
1942
792
2948
4467
1334
1509
2911
2762
2448
372
2926
4866
4534
3703
515
3676
3091
4684
2850
2455
4845
3277
1448
3208
667
192
4578
3605
4322
4574
3602
4576
2769
2497
3021
2327
1927
2560
625
1319
3228
885
1781
2986
3291
3402
2320
1864
2113
1926
3566
3588
344
4339
3836
893
4373
677
4646
101
1009
4280
4299
4666
4863
3264
3996
1272
4369
2255
1959
3334
1301
693
442
2421
3957
2530
3123
2139
4990
1351
3717
756
743
63
1024
4088
3198
3396
4504
3166
4928
4362
2795
469
4817
2417
3135
1214
2808
3692
3051
2698
3129
2370
2501
1937
3051
2932
95
2449
4278
1653
979
3177
1485
3359
2178
2320
1769
1560
1434
139
1121
4369
3687
4207
1028
1548
3797
4125
491
1649
790
4036
3624
1484
2432
3199
2167
3816
2969
765
4329
4655
159
3405
1348
3515
339
2661
3585
4245
2677
2236
1851
484
3780
4466
2507
4863
2526
1298
246
3248
2633
1298
2497
1146
4835
3249
2010
3188
808
3319
1242
4558
3675
2855
3495
3189
311
225
4481
2341
3320
389
1797
1909
4782
2534
1318
2164
724
2706
1053
3602
2201
1106
2783
346
4073
2834
2288
4130
1246
1543
612
243
2830
1748
384
1157
3608
1212
2225
1805
2836
1423
908
511
4629
2224
3037
4412
1064
1735
4360
287
1958
1990
2364
2861
441
3585
3318
4570
3816
550
2585
1743
4761
4458
2239
1898
1493
690
4051
4487
362
4203
4291
3765
3256
2202
3366
4905
4767
1488
2372
2688
856
2704
43
2978
1890
3503
4413
371
4912
4117
2352
4728
2847
1038
816
2580
3709
4970
222
1494
2862
2404
2557
3085
2743
893
3198
128
488
4921
3356
3439
3510
3067
2638
4161
4764
3186
2008
2959
2789
748
2523
1401
4406
219
4562
1088
3158
1571
2774
564
3361
2730
4371
2119
2821
2914
3351
1285
412
3309
3302
4886
4791
3164
2549
1201
4332
2025
3819
533
3518
114
4966
4768
964
299
946
1315
266
4110
305
1472
781
4591
439
2047
4423
2782
1878
1787
3780
1895
3001
2293
3251
4924
3248
4327
3967
825
554
2631
4154
287
244
1308
1943
4102
2426
4434
1335
800
2093
2306
1574
3632
1012
2334
4211
1681
4192
1067
1537
3038
4462
2945
2422
4100
3990
2776
275
67
4926
17
448
2240
338
283
4378
2682
1647
541
334
4035
4862
4407
1825
2685
1623
1490
2757
2405
2659
1182
3903
223
4166
2272
761
918
3157
510
3183
2004
2903
3491
2310
1375
979
942
473
1706
686
4282
637
4616
374
826
2279
3774
2522
1136
172
2450
1446
909
2544
730
1329
528
4713
4818
3856
4860
1097
1460
4296
1708
3897
4403
1186
4138
4518
1096
4544
4860
2045
3206
3007
3929
4006
100
4389
1140
4597
3677
370
3511
3243
2491
3048
3130
2470
606
4532
238
2675
636
3784
1291
2388
458
4985
1733
742
4940
4708
4315
3013
2955
4975
4379
3210
1082
3533
3643
1589
3419
773
3450
2357
3136
2886
3526
3694
2204
3066
2618
1592
3494
1768
1424
3271
3449
2405
1507
1474
2036
2214
2868
4798
3365
2602
2063
4884
1640
2287
3777
4486
4584
2287
4728
448
1441
2018
966
3615
2445
1502
4479
4283
3139
1875
1966
3444
2995
1628
963
4938
2759
3958
2775
4487
3602
3962
643
1406
3176
3722
2343
4815
1841
274
3133
3349
1015
3809
1833
1812
301
4811
4818
736
4801
4129
895
4640
3889
3461
3499
2390
2545
2690
3431
3913
85
3727
716
2031
1791
1848
3939
3078
414
716
3248
2605
1462
1450
3681
4155
3347
2747
3463
365
4144
1957
1139
4127
3937
1414
3801
3495
1422
283
1894
1384
168
4886
3344
3840
2271
3050
2655
4236
3174
1599
1371
1960
3634
2130
526
3640
3365
2711
4361
2343
4518
2351
4940
3187
4177
2135
2525
340
3927
12
3237
2578
3982
2097
4191
3179
1098
1589
169
499
447
785
4247
4757
4956
2600
1820
1413
1535
2584
1967
3279
2738
3186
1686
195
1319
556
1761
1771
4088
913
3332
3542
2205
4261
3787
3809
4330
3396
2607
4325
200
3209
3991
4615
3319
1158
2255
3717
4162
537
4444
3974
1435
1879
1092
1243
351
3382
281
4649
2844
716
3203
4353
3334
2829
2654
273
964
4054
4639
1877
2996
164
567
4343
3162
4895
2688
3151
130
2096
2006
3249
3792
3288
4808
1713
3325
3134
2146
717
4665
802
239
1915
219
448
3138
4014
2646
17
28
4517
399
913
3375
1009
3639
1093
366
3071
3316
2480
1436
3194
708
3224
4173
323
1393
2603
1774
323
3550
2333
61
2937
2550
4561
10
777
148
4480
3485
1078
1409
3947
1477
420
3963
3553
919
4304
4013
2860
610
1957
1326
2880
2905
3152
1938
1620
788
149
2078
544
867
3937
3416
113
5
2885
3125
3222
1808
4128
4286
828
176
4562
3915
2238
1326
1374
1746
798
1186
3884
2567
2589
1534
1933
2587
3550
4721
1606
2466
530
565
2302
485
372
2168
1089
2937
731
4672
3574
2056
30
1389
2122
4586
398
1609
72
3175
1377
2116
3074
2433
1237
2172
4072
3326
4374
988
1910
587
3779
3168
4516
3208
816
4521
1285
2441
558
4438
2291
98
703
4085
3505
4298
593
2519
1629
3709
1215
4049
839
4822
3347
2034
1313
1846
2874
2220
2749
2110
1903
831
2814
1005
3948
4086
3249
4193
503
1894
4910
4011
4104
4730
2106
2357
807
1820
3705
4349
2937
4537
2156
3220
908
2402
2336
154
4892
637
2438
4050
2954
3979
4706
1734
3285
4539
839
1020
4041
4891
1992
4196
1507
3968
1267
2502
2269
3383
2013
4856
3158
2761
1668
2592
2043
1002
286
4941
320
1838
1636
4995
4418
2956
1557
2960
2322
3568
1083
1556
192
3770
791
104
394
2739
571
260
3741
1270
1093
3612
1507
4495
226
2315
2871
1598
4275
3470
2604
2072
812
2511
1676
1193
629
350
2542
2600
3211
3879
4409
2813
749
2100
531
4318
1090
3541
2572
3756
2106
2330
1083
980
723
2328
2675
116
4524
4079
4156
2062
1976
930
4062
3788
1135
3382
1049
3941
1092
2621
3015
1065
3963
3667
2425
3474
1545
278
846
2397
2385
229
1380
777
4834
3785
4504
4085
4809
4191
3030
303
2307
2884
1283
4275
4585
1874
4160
4057
1885
1938
1523
2936
4140
1178
2884
1087
4118
3342
2087
3299
551
1946
2292
1095
3981
1176
3754
4524
2649
3914
4079
131
1036
4745
2561
580
3947
4290
3524
736
4478
826
2288
4496
2896
774
3849
2797
154
302
1640
3376
4384
3319
1493
2492
302
4452
712
2173
2467
77
4741
708
4001
1177
1968
3076
1693
2659
935
4940
3207
4995
2483
1030
249
4609
3329
582
1008
4734
1605
523
3057
3047
1045
2365
3440
4808
75
2355
4734
2190
3876
1868
4523
1761
3876
1573
4518
1232
2643
3614
264
692
1802
2270
2857
1461
3372
2159
4845
3319
1752
3477
2378
2135
1958
2646
191
2774
943
487
2618
4710
4710
1020
2308
1767
2196
1764
4176
310
354
3460
2648
2703
2735
3475
3276
3323
4995
4320
1214
1585
144
735
1838
1926
4263
1703
3838
3290
71
2032
2985
1464
1499
2099
1787
4889
3581
2406
1052
4675
4939
2451
3096
4724
467
1863
2037
1477
3141
3733
3521
2931
3498
1269
3156
1323
2749
1984
4295
603
2409
1105
2824
3709
3588
3391
1912
3905
24
3383
788
904
2035
2549
276
5
3385
1702
3416
2135
2657
190
4785
3596
1336
1633
4900
3002
3188
1086
4091
4457
623
2197
4518
2577
590
3073
1272
1402
773
3222
638
4229
1290
2633
1474
164
745
1963
1513
4786
3185
3050
1867
353
52
2410
4702
1054
1947
636
567
4086
458
274
3615
1450
1733
4487
264
3095
4973
2124
2950
2629
2814
4014
1923
3754
4497
2267
4295
3804
446
4679
89
1534
3043
2522
2032
567
2357
3475
3710
3337
473
952
3819
4901
1596
1449
3883
112
1792
133
1442
2776
1494
1135
3329
3019
3587
1342
3790
921
1473
1565
2546
3283
3440
2767
3348
4190
4625
3806
4273
1008
1545
2809
1878
1268
3371
3834
2307
3830
2712
1260
819
4070
1079
2609
2786
3460
4107
816
684
1311
4693
1401
4286
4379
1786
1157
2116
2083
185
4970
392
1086
4909
4079
924
3778
3294
1443
1533
2810
374
2375
953
4831
4092
3733
3877
8
3204
2331
2099
829
456
4597
1524
3049
3744
3385
1890
4665
2885
2967
3940
3711
2431
695
1350
2856
134
1583
100
3649
2269
779
1427
4236
2636
4469
649
383
3897
1596
1997
4294
926
2076
4538
1542
3312
4687
4522
424
2071
4165
3213
1936
295
1354
108
996
1291
3720
3824
4665
161
4006
3949
307
3492
4907
4884
1654
3659
313
1109
2212
4077
1055
1164
2950
2180
4692
1744
2266
4941
2581
1282
4698
1001
533
1099
4082
1856
1735
2289
475
872
1531
4428
1961
647
1081
39
4778
819
3053
2125
2732
3287
1686
3746
4332
1789
2915
4220
838
3189
3867
4173
223
4944
2413
1278
205
2915
2750
2930
304
4889
1827
49
124
4527
3112
2456
2280
3296
2314
4573
4561
1045
2046
2506
4907
3305
767
1413
45
4652
841
3691
3189
2002
256
2443
2171
1626
4773
4626
427
813
4806
3484
4281
1743
3038
1216
3440
2222
1852
1485
4127
227
3406
4191
710
1116
2941
4294
4080
2422
2448
460
2179
1854
1538
3330
2351
2534
4018
4674
894
3881
3741
2806
3300
4616
232
3415
3042
4274
2796
2027
1312
1055
2217
1233
1981
3323
4308
3044
4384
760
2495
137
2103
3273
1926
1784
3971
1980
3257
381
355
2467
4155
3251
4722
4311
4485
2448
4119
2649
1999
2290
2268
2780
1614
224
1957
4083
2985
3882
3300
3171
4846
4371
795
4805
3178
1732
1728
3353
4695
4271
3615
697
255
2225
2314
2507
2421
3702
2687
4279
1611
97
3755
1239
1738
2663
2442
3444
4100
4502
2210
2991
3182
2236
3593
3030
3083
211
796
2221
2245
3921
3987
2295
1288
1950
1086
3800
3336
3645
1776
2227
220
1077
1582
2937
2270
4193
1784
1516
1754
3552
3817
933
805
2594
3268
120
2094
526
1458
740
153
2188
496
3336
1153
4550
1651
4221
701
2300
2525
3311
141
909
2278
4626
4974
409
912
3817
3338
1163
2759
1350
2823
702
1707
1889
3035
4356
2486
12
1002
2905
3008
1309
2864
3175
1256
4310
399
3479
979
2798
1839
3565
2150
2732
3831
1067
1533
1944
3499
4777
4351
2444
4756
1228
1135
317
3094
1891
1783
4047
4038
2042
3893
4489
503
2288
2973
2069
2740
4603
279
2525
731
3447
390
4916
1595
1320
269
1004
1585
4437
4363
1376
385
4744
4936
4850
649
20
1050
269
4061
3906
3196
2400
3547
4715
3270
713
3482
4872
4804
1907
4670
3263
4728
1608
3123
2857
951
3027
694
1495
870
466
3285
948
2578
2042
568
2617
1227
3397
2194
2
971
3135
4573
2202
468
519
1991
1587
3306
3309
1487
1558
3265
1662
1521
2263
3198
2444
4905
113
2019
1219
4695
3197
1107
1199
1765
3938
3597
4222
2872
4892
3046
2114
1132
174
2696
2026
4496
2275
635
3143
2998
2027
2052
3278
2860
446
1811
3090
3088
1819
1351
3377
2698
4374
3059
2973
1293
3327
1054
4187
4643
147
2272
407
4530
607
3264
2123
4675
1569
1226
2113
3737
1877
4606
1037
2696
3488
3013
4032
2823
4749
555
4180
3311
959
2376
2018
341
473
2378
2151
667
4510
3667
4589
1018
3181
1749
3948
1294
2650
753
499
2194
3196
4039
2449
3264
124
3514
3897
1174
1983
273
1940
4653
2457
427
4434
2491
2085
559
796
4572
800
4206
3539
4220
4291
799
807
3215
2796
1092
2634
3301
1892
2823
2059
4702
74
674
3531
3914
2313
2749
4506
4083
3652
2066
3411
887
4291
2764
2426
806
154
1949
3545
105
3337
1867
2174
3349
3196
4777
1986
2294
2524
1085
4265
1245
3235
2267
3255
4579
4974
1937
2350
3200
190
3638
2351
1341
4370
1532
1148
1835
3887
2030
2345
2862
4667
3111
1002
4381
3143
3137
1760
1110
3821
4102
3553
3023
2977
3279
2602
3771
376
2389
3505
4571
2949
1131
934
2583
3478
3100
4253
2533
3287
4377
2975
4409
4258
936
3856
4930
2853
368
784
4963
1606
2257
3693
1315
310
2917
3440
759
4587
3326
4277
3057
1276
929
3132
4429
298
2195
3653
2731
4052
1946
4447
3314
3797
1956
4532
410
2560
1285
327
1187
2921
4029
4643
875
944
480
1286
624
2563
2507
2488
4531
2339
4723
2057
809
4986
3236
2463
3736
3983
3604
4486
3032
3851
1952
3557
3710
4387
213
3074
494
1609
1540
3896
3951
3104
3885
3442
1731
1706
380
4617
3501
2843
1530
3054
2681
4189
2636
451
3515
1956
1743
2616
1194
2983
379
655
1006
1950
334
277
4346
3711
3530
1231
3450
1508
1309
2832
1105
4832
4071
356
2789
683
1790
4085
2732
884
1693
2576
1222
281
4307
3700
3638
3435
2067
1026
3232
3725
1701
349
464
4785
3945
1321
726
1646
1398
3881
294
521
4361
3717
4923
1533
4730
1459
4031
2229
2592
1203
2306
307
2363
3473
4153
3891
3951
3588
2746
1709
1329
2686
4000
3304
286
4739
3111
4795
1912
2580
1580
1716
3698
4776
1557
4444
3052
3874
1872
1900
2925
1859
268
626
2550
2173
4392
1685
664
1225
4444
4549
2750
2761
3343
2954
4326
2337
3810
4917
1139
2707
3291
1080
248
3596
3861
1532
1973
4690
4214
2534
2960
4671
910
3764
601
1613
2080
4503
168
3435
2617
105
3620
3709
3229
1464
3406
4158
3672
4252
1675
4408
727
4819
4448
1390
1230
15
4794
1545
256
1882
2924
871
817
2200
3817
619
3358
2690
3362
2847
3333
1055
344
1498
310
4690
3794
2092
826
2763
1977
2011
3440
3488
4975
4898
4300
1044
2638
1153
2161
3949
3589
4854
2394
561
1235
4206
3232
2700
2462
4486
1404
196
3395
4433
4794
3427
562
3909
2332
2411
2998
2425
1145
4362
4167
3013
3222
3662
4598
266
2771
1035
1841
4878
4840
4626
3008
2783
2238
2454
1231
4697
628
4256
4661
3578
4149
318
3567
576
2226
66
4830
3426
1516
38
1919
1016
12
3596
2508
3030
3848
1168
88
2875
910
3537
1734
3230
3623
1583
1607
2018
3058
639
2081
562
1153
357
3870
2597
3084
875
3853
4415
464
1582
3856
765
1073
2328
1357
1895
906
1053
468
3354
445
781
435
2621
1001
2113
3428
778
4455
4788
1030
1743
3596
605
3959
4636
3095
70
1854
1776
4186
2416
2979
3176
2895
3228
637
3594
1389
3753
3709
1721
2333
68
378
469
589
4143
4048
3741
2917
1532
2766
2011
63
4599
661
3915
4260
1237
3362
4750
1857
1695
607
2511
4875
3429
1842
4315
3826
238
1128
1559
2738
2917
4663
1019
3012
2720
2162
690
897
2057
911
3923
3773
3674
693
2021
1596
93
4264
2900
3984
1553
1189
4862
1818
68
570
1917
2446
4850
3793
1752
3250
2030
2285
2588
3682
181
3973
4356
3010
4494
2444
2652
3783
2342
1795
2985
4961
2979
111
613
1644
1882
293
4047
534
3010
2757
152
957
1076
1651
3544
2532
2421
426
1293
1052
4509
418
4616
4074
1084
3679
2400
4556
4825
591
1231
3520
4072
4014
476
4675
2755
4201
1319
4232
1114
1923
3296
701
1893
3987
4596
4404
999
3230
3617
2890
90
3652
4490
1940
4598
3444
2113
1796
3794
3377
2270
4741
2083
2124
2554
4297
4278
1627
1905
4679
2939
227
4613
2073
1516
4882
1947
4583
2047
2184
4599
2783
3017
1755
3393
3854
4912
3946
4440
413
3184
4134
3567
4715
4234
1018
4040
1706
4076
3560
3526
4335
3175
808
4184
2237
2967
4017
262
2457
776
473
3916
71
2973
4920
2368
1865
3731
3592
440
723
3023
639
2570
2862
2147
2832
882
4555
3433
3639
3552
4579
4076
567
1939
2892
1812
2971
2723
2223
4125
1675
4505
4537
4643
367
2018
343
4150
3387
4708
1565
3923
2135
1785
3291
1426
779
2443
868
3873
377
845
3001
4582
3054
4481
3412
3744
4529
1375
3484
1830
1826
4645
4533
3672
4285
1630
4733
629
3054
4878
3447
1954
2593
4300
3687
1150
878
1411
489
879
4786
1881
2389
446
792
3051
2501
4558
342
3503
1488
3892
1407
407
1920
4466
4998
837
3482
3206
670
3758
1403
3429
2076
2691
4979
2824
2221
775
2725
2212
1850
622
1301
90
3942
3187
2529
1553
4788
3829
4482
4917
3912
2488
1383
2579
39
4627
516
842
9
919
3550
3112
3729
4444
531
2565
2544
1952
582
2869
102
1453
935
4153
1575
120
1781
1272
1927
1079
150
4802
2929
3078
4409
717
4953
4118
144
636
2758
1624
4594
929
3824
2765
4363
814
1630
1060
1149
4826
474
2451
1958
184
2785
375
1698
3243
1443
1437
3445
543
791
2546
866
3501
2823
2685
4040
1056
2271
238
2839
1353
3715
11
3861
2653
570
3949
2001
1756
4077
1088
1737
2241
4996
1598
3789
2359
1090
3987
2920
1307
4834
1094
4554
2294
4551
3129
3880
2147
4288
667
4982
2876
2684
2931
2049
248
4638
352
1939
1464
1950
672
4112
1134
349
1678
3158
4458
352
2258
860
3883
3889
3054
2987
2341
4928
4788
1097
2199
2818
3219
4435
1950
2602
2820
4105
3038
1441
3741
4802
2235
2166
2915
3017
2862
2686
1428
4178
4581
1150
481
4593
775
4178
514
1992
1603
4242
4275
581
3385
3640
3131
3828
4448
1326
3413
1159
1758
560
4464
2823
3713
3090
907
637
3244
3535
2447
562
2741
2441
4669
208
2558
3889
699
3853
4084
4292
3125
2213
4067
1696
4594
134
1597
4411
1768
3647
3141
4232
1646
3070
2238
1842
1704
4159
983
1148
2120
4081
934
4174
2282
1284
2554
3038
1314
2305
3548
410
3715
3260
2131
944
3740
4627
764
3483
3035
2647
4237
2256
2866
188
4985
3412
2570
3615
2041
879
3043
4731
1640
3648
3856
3030
1136
3174
2825
1742
4410
60
3734
1544
1549
530
1742
1528
651
3108
719
1343
2194
4526
4171
922
318
1611
3324
2641
3379
3330
1193
750
3227
610
1659
3135
3414
4284
1698
4706
237
107
2240
1069
2648
2148
256
172
4794
4756
21
1915
3832
3624
1173
366
3979
495
347
4748
2525
2423
4770
2785
3215
3845
3954
1939
4318
1657
3581
3072
702
2361
1103
4875
2798
3866
3318
1503
1566
3524
2804
3600
4756
3931
4549
1619
4195
1005
4044
139
1066
3193
4207
1447
2695
957
562
4856
2375
1447
4541
4627
714
4802
4156
1008
1578
1211
2546
4356
1352
2255
3642
2603
4076
1506
1077
1977
880
3686
489
4224
1652
1019
367
3209
2787
292
1882
2610
1713
4803
3760
4863
2331
64
3547
1103
1370
422
2339
4874
2035
4859
3258
3362
24
1599
1884
4001
3339
3300
2108
2656
258
139
69
4074
2739
4317
1480
3006
1449
2795
4521
4648
1486
3847
2743
3058
2842
4992
1584
2283
718
4820
2286
495
565
2378
2542
4157
681
224
973
3864
4394
921
484
149
4221
527
2668
1847
4709
2720
1991
1083
2161
2120
4935
2689
2654
2148
540
4272
1553
965
1431
620
2486
3057
3916
28
3445
70
291
19
483
689
1073
3155
186
2725
4689
2245
2151
4482
593
2334
2337
1423
2072
742
3402
4569
2140
639
2561
1197
4647
1438
1847
416
978
1705
1137
2396
1471
1417
412
4344
2202
2355
4391
3640
1617
2146
4008
3785
2934
2930
3542
2817
1609
4267
869
4738
3915
2284
4150
368
694
4798
2051
2470
3866
3024
397
2457
3816
3062
3037
2367
4471
3081
2304
1885
2189
4155
4526
3012
3091
3630
4163
3846
1862
525
1190
904
1288
1871
4194
2903
4399
4711
4654
3259
2591
1468
2935
3482
4777
2935
3858
1658
469
1564
486
1705
1199
3779
2312
4979
3576
1164
1442
2724
3194
4122
2376
4103
4338
3807
3221
1695
2536
4056
1681
997
1970
3015
4225
3906
407
2087
2275
1724
1326
441
468
1309
3210
38
4347
4165
677
4612
3173
4350
2498
3072
952
2101
2357
1228
2745
1475
3571
499
4328
881
2686
2788
4241
1436
4440
3758
2149
1500
1169
1738
4693
4375
1673
3067
1957
4715
3323
3331
3594
2415
4672
1123
340
3446
2807
3397
1422
3141
1728
6
4422
783
4282
2121
1004
4459
3908
287
2601
846
4007
4090
4278
2798
2327
3123
2826
1551
1528
4006
1100
4038
3311
3823
1348
2980
896
4575
572
2280
4888
167
3174
1498
1903
4539
2875
3777
1573
824
2433
1202
3129
2496
3659
1278
3268
2463
451
885
3064
1609
325
1093
133
3000
2742
4621
1271
4993
2465
1877
786
4154
2848
4892
1005
4579
4170
3909
3997
2210
1360
842
2417
1507
4381
566
2585
4474
903
2143
3326
3659
1794
3867
1536
1838
932
3456
1067
1840
1839
278
4171
3833
3294
793
1813
1028
1050
1044
4416
4581
1045
640
2923
4638
794
4418
4007
2479
4309
2982
561
4638
3002
2964
4502
2332
1011
4833
2301
2396
3286
3937
3142
4690
2914
1080
3250
4764
1264
2927
2196
2367
1136
1034
1226
1167
1737
3196
4445
3452
384
2911
3818
2665
513
1606
1489
2863
99
4853
460
260
4977
2775
4159
1884
751
3738
764
1090
4040
3764
2373
3345
3905
826
309
1743
870
4020
291
4915
2275
3301
509
3012
59
4860
3453
2662
201
1243
4147
1071
4991
2359
4287
4567
706
1831
978
481
2969
1946
1298
3958
4101
1331
4366
2001
3749
1997
2299
11
1757
2118
175
1810
4508
4692
2149
2373
1183
846
3995
2552
4854
1600
4499
419
2336
3741
2282
4063
1710
570
1342
227
1655
4164
3676
4964
1526
4185
3569
3393
1091
2184
473
427
2237
230
2225
1414
4386
65
3730
3120
1263
3209
1835
2444
4751
2614
4244
708
2511
2151
3699
2868
4134
3564
3716
4585
4869
1564
4550
4809
3926
341
4734
1399
3670
936
343
929
3638
4908
1274
3597
1084
3850
2270
3516
3107
2877
1224
1522
2753
1338
612
58
2659
273
4981
2868
798
1042
3438
4410
4564
966
3965
4925
2377
4797
3292
4633
551
2888
2881
4885
786
2322
1033
1913
4994
4054
4436
4763
4470
1661
4201
603
1195
3152
3988
4742
4794
451
4412
2130
1239
679
1678
4498
439
1093
1694
2292
4221
1751
2722
1549
3397
896
886
1591
80
4114
4650
3431
4687
3776
4540
2267
1357
4518
1208
2420
4268
4256
2494
1707
4162
1854
677
4569
4319
4967
975
1500
4340
2
2361
3873
4649
636
4960
4273
391
3713
2874
4957
2171
1069
4147
2197
3936
2743
1334
2436
28
1787
3005
4630
4950
4812
2911
4026
4201
4727
872
3753
1556
2426
1231
3330
1785
3802
4639
4457
2193
3900
4357
1761
1015
565
3104
850
235
2463
4045
272
3587
3976
1343
4194
609
15
3013
2007
1517
4559
2455
4292
3309
1616
1559
322
1560
2211
1691
2711
4465
4822
2735
518
2753
2060
4165
853
1978
2735
3752
459
2611
1868
4220
4165
410
449
4775
4588
1470
4274
2
1633
574
6
1710
4913
3372
1730
147
3385
3655
3845
1586
3778
1290
4108
2250
4080
3672
4952
4632
4245
3756
4174
3472
2595
1739
1535
2213
63
1440
1463
3035
257
2375
4979
2148
756
571
1303
3100
3890
1985
1454
2164
2266
2140
999
2245
1710
1313
4713
538
879
4121
4719
51
4997
207
752
1767
183
4302
362
3739
2262
3365
4025
1156
4380
926
1992
3074
961
1499
2718
1672
1806
2891
2995
3941
2217
4316
152
4625
4921
405
4224
2187
1516
785
2462
3769
1513
2540
921
321
3640
2182
3912
3488
4979
2418
3025
3282
4695
4638
1707
4379
823
1375
2008
1941
3534
834
299
4324
806
4654
543
951
2755
3219
1242
4224
4159
2984
994
1055
2096
797
4195
195
3394
4290
1210
2421
1685
3188
1353
3364
3061
4869
1884
2956
3369
3150
1158
4917
1383
394
3745
2496
3642
1872
2813
2315
1979
236
2936
1115
3122
2294
4137
2299
2265
4244
2897
2466
2422
2417
188
3948
3514
451
2867
4090
4655
2832
422
1694
4932
4683
868
186
4636
1288
1458
4617
907
586
3272
224
2339
3959
3445
3282
4041
2532
4529
3418
2477
4931
3684
2549
2260
3257
1554
1578
3272
2341
1115
3453
2459
1510
4937
2713
3067
303
3039
3600
1902
563
2320
3363
1338
121
1720
2203
2270
1501
4274
3983
675
985
2104
1726
185
45
698
2927
3758
2024
1610
3136
3872
2723
3331
447
2084
3291
4766
4657
3909
2556
3560
1390
2545
1588
2442
737
3095
4081
3766
2153
2276
3957
2012
2912
1367
2145
3822
3519
145
507
4659
507
1471
3565
2519
1316
3402
4353
3147
1818
4005
2192
2142
4948
1054
2680
2700
2120
1483
3740
34
2401
1257
1996
4231
161
201
3890
2050
3107
3483
4578
449
3721
2874
4195
3172
241
4660
3976
810
3579
3550
3422
4598
2749
4956
3139
1612
624
3808
3196
2961
3887
2615
2846
1149
3003
854
3855
1891
90
3105
3509
4430
387
3651
1618
4236
2308
144
450
423
3983
4069
3005
4130
2649
2362
2791
1831
1006
4041
1272
4204
643
1149
92
2236
2584
4371
1648
4880
1128
3789
4977
1226
4828
2048
1887
3477
964
3296
3888
3946
3144
1329
2180
2602
3326
3245
3334
2139
4460
4792
3351
4955
2031
759
4162
4073
3986
442
1341
2440
2586
1077
1918
4196
1628
1750
817
339
1144
3820
2616
2625
2631
3542
2455
4128
1935
2906
545
1185
3270
1391
1081
3055
2975
3536
3365
2639
3294
1771
4298
1918
662
3260
3073
2040
1289
4863
1923
2737
3618
3325
1903
2321
3021
3501
3142
1931
955
410
3562
2972
2790
4541
4476
1685
4313
497
14
1206
3157
3202
3213
4443
3671
3054
3763
1682
3083
776
4314
2623
1351
4079
3087
3057
4163
2565
2700
172
1093
2921
841
356
159
3986
3402
2641
2940
598
4702
4031
2630
3468
2609
4799
4282
2206
3957
1761
2039
2134
4042
1357
176
4154
2793
4658
3651
3576
1195
2109
4510
482
1562
175
717
3457
1217
4759
2473
3306
4031
2409
2240
3411
3469
913
3912
1435
4685
1993
2197
2476
4083
4813
1790
4605
2253
3320
3270
2283
2990
2966
3141
2023
4599
4708
4808
3278
3497
2622
3084
2211
341
97
783
2965
2425
3376
128
3466
1872
2497
2832
1783
1203
1779
2306
1366
2889
3906
962
4653
2660
3571
2168
1116
1085
3792
4722
3957
1370
2099
78
2298
4603
1563
998
2747
2276
552
1933
183
3953
2104
2444
2311
4258
3399
1342
1955
857
598
918
2634
3809
1871
293
435
956
1360
205
1730
932
4827
2676
4554
4184
158
2830
1110
4112
2197
1865
324
3259
3922
2820
446
3900
542
837
3801
4536
4125
4475
4344
4087
2574
3155
2231
942
2371
4469
4958
3077
4040
3100
1653
458
787
1836
381
1889
1354
2892
3987
104
572
4130
3448
3931
1185
4681
570
181
1311
4258
3954
4962
4672
3945
457
24
1839
926
3004
1171
953
3307
832
1853
1556
2254
3192
2120
4376
629
2209
1182
4649
1828
685
2870
2496
1160
98
951
4752
196
4146
3289
3379
60
4269
480
875
112
3695
2342
4526
3453
2179
3511
1599
4278
4017
4995
2430
4877
2712
516
1441
2674
2850
1403
1189
3045
4988
675
1491
4026
2153
3919
4071
4187
2026
186
596
3011
3501
3365
4815
3581
182
2070
4517
4814
4644
1104
897
4573
2505
2780
637
3650
3635
2253
970
1680
1897
2461
258
24
2818
4045
4548
1959
4449
4120
1896
3499
1424
3452
918
4556
84
4380
1562
356
9
1923
2812
3005
1164
113
1292
3854
743
3171
2643
691
789
1898
1494
48
1962
455
307
3650
4625
1348
1677
2596
1606
3982
849
2202
3020
2869
3534
1652
3059
3496
4990
4097
763
1030
4401
3433
619
2597
1036
4298
3068
3072
4611
3608
3144
4959
3091
4794
670
362
4415
962
127
673
4570
4383
2150
4177
3361
4045
3638
2815
1683
1784
3348
1897
234
673
3770
492
115
2736
2219
161
2801
323
2460
1616
1022
1545
3687
4348
1165
4414
3692
556
3078
722
1878
1336
4350
3505
